saveHard,1664,96,00188871,0,1,1,4294967295,0,0
saveVeryHard,32,192,003CEDCA,0,1,1,4294967295,0,0
saveVeryHard,2336,928,003E771E,0,1,1,4294967295,0,0
saveMedium,2304,640,00359E80,0,1,1,4294967295,0,0
saveMedium,1632,1472,000034F7,0,1,1,4294967295,0,0
spikeUp,1632,1760,000654F6,0,1,1,4294967295,0,0
spikeUp,1664,1760,00398AEA,0,1,1,4294967295,0,0
spikeUp,1696,1760,00054FF9,0,1,1,4294967295,0,0
spikeUp,1728,1760,00138BDE,0,1,1,4294967295,0,0
spikeUp,1760,1760,0019D067,0,1,1,4294967295,0,0
spikeUp,1792,1760,003C55D6,0,1,1,4294967295,0,0
spikeUp,1824,1760,0027450D,0,1,1,4294967295,0,0
spikeUp,1856,1760,0036F846,0,1,1,4294967295,0,0
spikeUp,1888,1760,001EBAB0,0,1,1,4294967295,0,0
spikeUp,1920,1760,0032B093,0,1,1,4294967295,0,0
spikeUp,2048,1760,0020CCBF,0,1,1,4294967295,0,0
spikeUp,2080,1760,000A21F0,0,1,1,4294967295,0,0
spikeUp,2112,1760,0033E22A,0,1,1,4294967295,0,0
spikeUp,2144,1760,001D7410,0,1,1,4294967295,0,0
spikeUp,2176,1760,002BCB87,0,1,1,4294967295,0,0
spikeUp,2208,1760,00290656,0,1,1,4294967295,0,0
spikeUp,2240,1760,00393CAA,0,1,1,4294967295,0,0
spikeUp,2272,1760,0002E311,0,1,1,4294967295,0,0
spikeUp,2304,1760,0013DDEE,0,1,1,4294967295,0,0
spikeUp,2336,1760,001DB0BE,0,1,1,4294967295,0,0
spikeUp,1472,1536,0020502A,0,1,1,4294967295,0,0
spikeUp,1504,1536,003B4AAD,0,1,1,4294967295,0,0
spikeUp,1536,1536,0020D513,0,1,1,4294967295,0,0
spikeUp,1920,768,000D6BE4,0,1,1,4294967295,0,0
spikeUp,1856,864,0010FACE,0,1,1,4294967295,0,0
spikeUp,1824,864,0022A864,0,1,1,4294967295,0,0
spikeUp,1792,864,000107FB,0,1,1,4294967295,0,0
spikeUp,1824,992,002DC9F7,0,1,1,4294967295,0,0
spikeUp,2016,992,00012D9E,0,1,1,4294967295,0,0
spikeUp,1472,960,000FC63E,0,1,1,4294967295,0,0
spikeUp,1472,960,003F8BEA,0,1,1,4294967295,0,0
spikeUp,1472,704,0026E7B7,0,1,1,4294967295,0,0
spikeUp,1984,704,00303500,0,1,1,4294967295,0,0
spikeUp,2112,704,0034B519,0,1,1,4294967295,0,0
spikeUp,1952,768,00166D53,0,1,1,4294967295,0,0
spikeUp,1984,768,0017D1D8,0,1,1,4294967295,0,0
spikeUp,2016,768,0001C101,0,1,1,4294967295,0,0
spikeUp,2048,768,0027D304,0,1,1,4294967295,0,0
spikeUp,2080,768,000D52C6,0,1,1,4294967295,0,0
spikeUp,2112,768,003CB3D7,0,1,1,4294967295,0,0
spikeUp,2144,768,000D103C,0,1,1,4294967295,0,0
spikeUp,2176,768,00218892,0,1,1,4294967295,0,0
spikeUp,2208,768,0011234D,0,1,1,4294967295,0,0
spikeUp,2240,768,000ABC98,0,1,1,4294967295,0,0
spikeUp,2272,768,00374135,0,1,1,4294967295,0,0
spikeUp,2208,992,00056082,0,1,1,4294967295,0,0
spikeUp,1792,1152,00138F59,0,1,1,4294967295,0,0
spikeUp,1824,1152,002883E6,0,1,1,4294967295,0,0
spikeUp,1856,1152,000EB748,0,1,1,4294967295,0,0
spikeUp,1888,1152,0025DD21,0,1,1,4294967295,0,0
spikeUp,1920,1152,0005F20D,0,1,1,4294967295,0,0
spikeUp,1952,1152,002E0B1C,0,1,1,4294967295,0,0
spikeUp,1984,1152,00252B96,0,1,1,4294967295,0,0
spikeUp,2016,1152,003A1A42,0,1,1,4294967295,0,0
spikeUp,2080,1152,00178DA5,0,1,1,4294967295,0,0
spikeUp,2112,1152,00385232,0,1,1,4294967295,0,0
spikeUp,2144,1152,0032B821,0,1,1,4294967295,0,0
spikeUp,2176,1152,001433A0,0,1,1,4294967295,0,0
spikeUp,2240,1152,002CFA25,0,1,1,4294967295,0,0
spikeUp,2208,1152,001C966D,0,1,1,4294967295,0,0
spikeUp,2048,1152,0027B834,0,1,1,4294967295,0,0
spikeUp,1536,544,0031508B,0,1,1,4294967295,0,0
spikeUp,1472,544,00197C54,0,1,1,4294967295,0,0
spikeUp,1408,544,00229511,0,1,1,4294967295,0,0
spikeUp,1376,544,0017F02B,0,1,1,4294967295,0,0
spikeUp,1344,544,000BFFBB,0,1,1,4294967295,0,0
spikeUp,1312,544,0030CF48,0,1,1,4294967295,0,0
spikeUp,1280,544,00356761,0,1,1,4294967295,0,0
spikeUp,1248,544,003F61D0,0,1,1,4294967295,0,0
spikeUp,1216,544,00329648,0,1,1,4294967295,0,0
spikeUp,1440,192,00160728,0,1,1,4294967295,0,0
spikeUp,960,224,0010C81D,0,1,1,4294967295,0,0
spikeUp,1184,416,002EBF71,0,1,1,4294967295,0,0
spikeUp,1152,544,0023A806,0,1,1,4294967295,0,0
spikeUp,1120,544,000345A0,0,1,1,4294967295,0,0
spikeUp,1088,544,003D9016,0,1,1,4294967295,0,0
spikeUp,1056,544,0001B4EA,0,1,1,4294967295,0,0
spikeUp,1024,544,0014AD92,0,1,1,4294967295,0,0
spikeUp,992,544,000C3D8E,0,1,1,4294967295,0,0
spikeUp,928,544,003C5DBF,0,1,1,4294967295,0,0
spikeUp,896,544,000A07FB,0,1,1,4294967295,0,0
spikeUp,864,544,000678A1,0,1,1,4294967295,0,0
spikeUp,832,544,0035B43B,0,1,1,4294967295,0,0
spikeUp,800,544,0018595E,0,1,1,4294967295,0,0
spikeUp,768,544,002FF544,0,1,1,4294967295,0,0
spikeUp,736,544,0026EBFA,0,1,1,4294967295,0,0
spikeUp,704,544,00077DAA,0,1,1,4294967295,0,0
spikeUp,672,544,001F37BE,0,1,1,4294967295,0,0
spikeUp,640,544,0017F963,0,1,1,4294967295,0,0
spikeUp,608,544,00083691,0,1,1,4294967295,0,0
spikeUp,576,544,0012B6C7,0,1,1,4294967295,0,0
spikeUp,544,544,0012F72B,0,1,1,4294967295,0,0
spikeUp,512,544,002D2904,0,1,1,4294967295,0,0
spikeUp,480,544,000C53E5,0,1,1,4294967295,0,0
spikeUp,448,544,002D63E6,0,1,1,4294967295,0,0
spikeUp,416,544,003B030F,0,1,1,4294967295,0,0
spikeDown,1632,1248,003B60D0,0,1,1,4294967295,0,0
spikeDown,1664,1248,002A6821,0,1,1,4294967295,0,0
spikeDown,1696,1248,0000B671,0,1,1,4294967295,0,0
spikeDown,1728,1248,0002ECF3,0,1,1,4294967295,0,0
spikeDown,1760,1248,001D5690,0,1,1,4294967295,0,0
spikeDown,1792,1248,000D6D4D,0,1,1,4294967295,0,0
spikeDown,1824,1248,000EE7E8,0,1,1,4294967295,0,0
spikeDown,1856,1248,003076C7,0,1,1,4294967295,0,0
spikeDown,1888,1248,000ACF65,0,1,1,4294967295,0,0
spikeDown,1920,1248,0016AE97,0,1,1,4294967295,0,0
spikeDown,2048,1248,002443F9,0,1,1,4294967295,0,0
spikeDown,2080,1248,003A7E4D,0,1,1,4294967295,0,0
spikeDown,2112,1248,00258E76,0,1,1,4294967295,0,0
spikeDown,2144,1248,001B8BEE,0,1,1,4294967295,0,0
spikeDown,2176,1248,0040032D,0,1,1,4294967295,0,0
spikeDown,2208,1248,002E4D5A,0,1,1,4294967295,0,0
spikeDown,2240,1248,003507C1,0,1,1,4294967295,0,0
spikeDown,2272,1248,000E3133,0,1,1,4294967295,0,0
spikeDown,2304,1248,000794FA,0,1,1,4294967295,0,0
spikeDown,2336,1248,000E6911,0,1,1,4294967295,0,0
spikeLeft,1536,1120,0010655A,0,1,1,4294967295,0,0
spikeRight,1472,1120,00096E67,0,1,1,4294967295,0,0
spikeRight,1504,992,002F28DA,0,1,1,4294967295,0,0
spikeRight,1856,1024,0031CF19,0,1,1,4294967295,0,0
spikeRight,1856,1056,000518D0,0,1,1,4294967295,0,0
spikeRight,2048,1024,000B04F5,0,1,1,4294967295,0,0
spikeRight,2048,1056,0007FB7E,0,1,1,4294967295,0,0
spikeRight,2240,1056,0033E937,0,1,1,4294967295,0,0
spikeRight,2240,1024,0017B4FA,0,1,1,4294967295,0,0
spikeDown,1472,1024,00385F51,0,1,1,4294967295,0,0
spikeDown,1472,768,00053D03,0,1,1,4294967295,0,0
spikeDown,2048,704,001C4A20,0,1,1,4294967295,0,0
spikeDown,2016,640,00103AB4,0,1,1,4294967295,0,0
spikeDown,1952,640,0016ED57,0,1,1,4294967295,0,0
spikeDown,1920,640,00044D82,0,1,1,4294967295,0,0
spikeDown,1888,640,002D3952,0,1,1,4294967295,0,0
spikeDown,1856,640,00108FAC,0,1,1,4294967295,0,0
spikeDown,1824,640,00370B62,0,1,1,4294967295,0,0
spikeDown,1792,640,0006C388,0,1,1,4294967295,0,0
spikeDown,2080,640,001CE860,0,1,1,4294967295,0,0
spikeDown,2144,640,00023A3F,0,1,1,4294967295,0,0
spikeDown,2176,704,00158042,0,1,1,4294967295,0,0
spikeDown,2208,640,00118E6D,0,1,1,4294967295,0,0
spikeDown,2240,640,000EEC2D,0,1,1,4294967295,0,0
spikeDown,2272,640,003D0A5B,0,1,1,4294967295,0,0
spikeRight,1504,736,00175EAD,0,1,1,4294967295,0,0
spikeLeft,1792,1024,00395B26,0,1,1,4294967295,0,0
spikeLeft,1792,1056,002D7D50,0,1,1,4294967295,0,0
spikeLeft,1984,1056,0011F85C,0,1,1,4294967295,0,0
spikeLeft,1984,1024,0002CBE8,0,1,1,4294967295,0,0
spikeLeft,2176,1024,00327E47,0,1,1,4294967295,0,0
spikeLeft,2176,1056,0016D795,0,1,1,4294967295,0,0
spikeLeft,1536,192,003FF14F,0,1,1,4294967295,0,0
spikeLeft,1536,224,0036A65A,0,1,1,4294967295,0,0
spikeLeft,1536,256,000D3CFD,0,1,1,4294967295,0,0
spikeLeft,1536,288,0023F95E,0,1,1,4294967295,0,0
spikeLeft,1536,320,001744F2,0,1,1,4294967295,0,0
spikeLeft,1536,352,0025EF30,0,1,1,4294967295,0,0
spikeLeft,1536,384,00132D6E,0,1,1,4294967295,0,0
spikeLeft,1536,416,0016CDE2,0,1,1,4294967295,0,0
spikeLeft,1536,448,0036E2C6,0,1,1,4294967295,0,0
spikeLeft,1536,480,0038CDCE,0,1,1,4294967295,0,0
spikeLeft,1536,512,000CFE11,0,1,1,4294967295,0,0
spikeLeft,1408,512,00183B81,0,1,1,4294967295,0,0
spikeLeft,1408,480,00064884,0,1,1,4294967295,0,0
spikeLeft,1408,448,003685F8,0,1,1,4294967295,0,0
spikeLeft,1408,416,0009FB2C,0,1,1,4294967295,0,0
spikeLeft,1408,384,0034D454,0,1,1,4294967295,0,0
spikeLeft,1408,352,00369C1B,0,1,1,4294967295,0,0
spikeLeft,1408,320,003A13A2,0,1,1,4294967295,0,0
spikeLeft,1408,288,000D69AB,0,1,1,4294967295,0,0
spikeLeft,1408,256,001D221E,0,1,1,4294967295,0,0
spikeLeft,1408,224,000E86C7,0,1,1,4294967295,0,0
spikeRight,1472,224,0037FDAA,0,1,1,4294967295,0,0
spikeRight,1472,256,001A5B53,0,1,1,4294967295,0,0
spikeRight,1472,288,003DC1B3,0,1,1,4294967295,0,0
spikeRight,1472,320,002BB6E1,0,1,1,4294967295,0,0
spikeRight,1472,352,0032BB4D,0,1,1,4294967295,0,0
spikeRight,1472,384,002474C1,0,1,1,4294967295,0,0
spikeRight,1472,416,000DB24D,0,1,1,4294967295,0,0
spikeRight,1472,448,001D327B,0,1,1,4294967295,0,0
spikeRight,1472,480,000775F9,0,1,1,4294967295,0,0
spikeRight,1472,512,003D06BD,0,1,1,4294967295,0,0
spikeDown,1184,320,000D121F,0,1,1,4294967295,0,0
spikeDown,960,128,001FD612,0,1,1,4294967295,0,0
spikeDown,992,32,000F8872,0,1,1,4294967295,0,0
spikeDown,1024,32,002287B6,0,1,1,4294967295,0,0
spikeDown,1056,32,002F2CA2,0,1,1,4294967295,0,0
spikeDown,1088,32,000438F7,0,1,1,4294967295,0,0
spikeDown,1120,32,001EFA9A,0,1,1,4294967295,0,0
spikeDown,1152,32,002BA0EA,0,1,1,4294967295,0,0
spikeDown,928,32,0008D13E,0,1,1,4294967295,0,0
spikeDown,896,32,00226C1E,0,1,1,4294967295,0,0
spikeDown,832,32,003EBC21,0,1,1,4294967295,0,0
spikeDown,768,32,0010EB5E,0,1,1,4294967295,0,0
spikeDown,736,32,00254285,0,1,1,4294967295,0,0
spikeDown,704,32,0005BDB4,0,1,1,4294967295,0,0
spikeDown,672,32,000A2A58,0,1,1,4294967295,0,0
spikeDown,640,32,003180D8,0,1,1,4294967295,0,0
spikeDown,608,32,002FECB6,0,1,1,4294967295,0,0
spikeDown,576,32,001561B0,0,1,1,4294967295,0,0
spikeDown,544,32,002EC71B,0,1,1,4294967295,0,0
spikeDown,512,32,0033AB12,0,1,1,4294967295,0,0
spikeDown,480,32,003CE71D,0,1,1,4294967295,0,0
spikeDown,448,32,00021015,0,1,1,4294967295,0,0
spikeDown,416,32,001274B3,0,1,1,4294967295,0,0
spikeDown,384,32,003E8885,0,1,1,4294967295,0,0
spikeDown,352,32,003DBBCC,0,1,1,4294967295,0,0
spikeDown,320,32,001E7414,0,1,1,4294967295,0,0
spikeDown,288,32,000492A2,0,1,1,4294967295,0,0
spikeDown,800,32,000E5C8B,0,1,1,4294967295,0,0
spikeDown,864,32,0008221E,0,1,1,4294967295,0,0
spikeDown,1216,32,000B2FE2,0,1,1,4294967295,0,0
spikeDown,1248,32,001C356F,0,1,1,4294967295,0,0
spikeDown,1280,32,003F675E,0,1,1,4294967295,0,0
spikeDown,1312,32,0021E51D,0,1,1,4294967295,0,0
spikeDown,1344,32,003B9D42,0,1,1,4294967295,0,0
spikeDown,1376,32,000336A2,0,1,1,4294967295,0,0
spikeDown,1408,32,003000BC,0,1,1,4294967295,0,0
spikeDown,1440,32,00115535,0,1,1,4294967295,0,0
spikeDown,1472,32,001B5B6A,0,1,1,4294967295,0,0
spikeDown,1504,32,0039B88B,0,1,1,4294967295,0,0
spikeDown,1536,32,0039997A,0,1,1,4294967295,0,0
spikeDown,1568,32,000BCB59,0,1,1,4294967295,0,0
spikeLeft,928,256,003BEBDD,0,1,1,4294967295,0,0
spikeLeft,928,288,0027EA17,0,1,1,4294967295,0,0
spikeLeft,928,320,003EB5DF,0,1,1,4294967295,0,0
spikeLeft,928,352,001EAC3C,0,1,1,4294967295,0,0
spikeLeft,928,384,00300D94,0,1,1,4294967295,0,0
spikeLeft,928,416,00311208,0,1,1,4294967295,0,0
spikeLeft,928,448,002B239B,0,1,1,4294967295,0,0
spikeLeft,928,480,0009810B,0,1,1,4294967295,0,0
spikeLeft,928,512,001CCB3C,0,1,1,4294967295,0,0
spikeLeft,928,96,003A7568,0,1,1,4294967295,0,0
spikeRight,992,96,000ACA3D,0,1,1,4294967295,0,0
spikeRight,992,256,000C70B5,0,1,1,4294967295,0,0
spikeRight,992,288,000894F2,0,1,1,4294967295,0,0
spikeRight,992,320,00374EA5,0,1,1,4294967295,0,0
spikeRight,992,352,002E9B5F,0,1,1,4294967295,0,0
spikeRight,992,384,003B6220,0,1,1,4294967295,0,0
spikeRight,992,416,000AE464,0,1,1,4294967295,0,0
spikeRight,992,448,0011DEFA,0,1,1,4294967295,0,0
spikeRight,992,480,00254408,0,1,1,4294967295,0,0
spikeRight,992,512,003AE454,0,1,1,4294967295,0,0
spikeLeft,1536,864,0009F1E1,0,1,1,4294967295,0,0
spikeDown,1952,1248,001DE91B,0,1,1,4294967295,0,0
spikeDown,1984,1248,0022A489,0,1,1,4294967295,0,0
spikeDown,2016,1248,001AA51F,0,1,1,4294967295,0,0
block,128,288,000697FB,0,9,1,4294967295,0,0
block,384,320,003F9196,0,1,8,4294967295,0,0
block,960,256,003DF2F9,0,1,10,4294967295,0,0
block,960,32,002CE212,0,1,3,4294967295,0,0
block,256,32,002A0E19,0,1,5,4294967295,0,0
block,192,192,0013624C,0,3,1,4294967295,0,0
block,192,-64,003893A8,0,1,8,4294967295,0,0
block,64,-96,000E826B,0,5,1,4294967295,0,0
block,64,-64,00383530,0,1,7,4294967295,0,0
block,0,192,000B750C,0,1,3,4294967295,0,0
block,64,320,0008F2C2,0,1,1,4294967295,0,0
block,128,320,003577AF,0,1,3,4294967295,0,0
block,-32,384,00284C93,0,1,1,4294967295,0,0
block,1440,224,00226B69,0,1,11,4294967295,0,0
block,1184,448,0004CB10,0,1,4,4294967295,0,0
block,1472,576,002D62CD,0,1,1,4294967295,0,0
block,1536,576,0011ECD9,0,1,1,4294967295,0,0
block,1568,544,003830AC,0,7,1,4294967295,0,0
block,1568,512,00265383,0,1,1,4294967295,0,0
block,1568,480,002888CB,0,7,1,4294967295,0,0
block,1568,256,000EF9E9,0,1,7,4294967295,0,0
block,1568,224,0021AC0E,0,23,1,4294967295,0,0
block,1568,192,00298340,0,1,1,4294967295,0,0
block,1568,160,001A8AAD,0,5,1,4294967295,0,0
block,1696,96,002FD5C3,0,1,2,4294967295,0,0
block,2208,0,0028EBE4,0,1,3,4294967295,0,0
block,2272,0,0026F08F,0,2,4,4294967295,0,0
block,2368,0,003B6A9A,0,1,3,4294967295,0,0
block,2368,96,001C8E02,0,2,1,4294967295,0,0
block,1792,96,00313CA0,0,14,1,4294967295,0,0
block,1792,32,001F5100,0,1,2,4294967295,0,0
block,1792,160,0034C8C4,0,1,2,4294967295,0,0
block,1696,256,00120B33,0,1,4,4294967295,0,0
block,1760,416,0025F865,0,1,2,4294967295,0,0
block,2240,480,002F34EA,0,1,2,4294967295,0,0
block,2240,448,000BA2DD,0,3,1,4294967295,0,0
block,2304,480,0022FAFE,0,1,4,4294967295,0,0
block,2240,320,00218B19,0,6,1,4294967295,0,0
block,2368,192,0006351B,0,1,4,4294967295,0,0
block,2368,160,0037B634,0,2,1,4294967295,0,0
block,1888,192,003F05A8,0,1,1,4294967295,0,0
block,2368,384,0011F1D4,0,2,1,4294967295,0,0
block,2368,416,003E2683,0,1,10,4294967295,0,0
block,2304,736,0033D510,0,3,1,4294967295,0,0
block,2304,768,0004C42D,0,1,1,4294967295,0,0
block,1760,576,0016B8CC,0,1,19,4294967295,0,0
block,2272,1088,001766D8,0,1,3,4294967295,0,0
block,2272,1056,001EB165,0,5,1,4294967295,0,0
block,2368,928,00365A9A,0,2,1,4294967295,0,0
block,2272,896,00309356,0,4,1,4294967295,0,0
block,2272,832,001D2945,0,1,2,4294967295,0,0
block,1920,800,00218ECA,0,13,1,4294967295,0,0
block,1984,736,00302A2F,0,1,1,4294967295,0,0
block,2112,736,001E729D,0,1,1,4294967295,0,0
block,2176,640,0006C70B,0,1,2,4294967295,0,0
block,2048,640,00229B16,0,1,2,4294967295,0,0
block,1824,1024,001F4DB9,0,1,2,4294967295,0,0
block,2016,1024,00348620,0,1,2,4294967295,0,0
block,2272,928,002A2120,0,1,1,4294967295,0,0
block,1600,1248,0017356D,0,1,6,4294967295,0,0
block,2368,1248,003E0CFC,0,1,17,4294967295,0,0
block,2048,1792,00306295,0,11,1,4294967295,0,0
block,1600,1600,00334650,0,1,6,4294967295,0,0
block,1568,1536,0009E52D,0,2,1,4294967295,0,0
block,1440,1472,002E5A90,0,1,3,4294967295,0,0
block,1536,1440,002F0C88,0,3,1,4294967295,0,0
block,1568,1472,00315786,0,2,1,4294967295,0,0
block,1536,1184,001867A7,0,1,8,4294967295,0,0
block,1536,1152,002EAC43,0,2,1,4294967295,0,0
block,1472,1184,00025603,0,1,8,4294967295,0,0
block,1440,1024,00297A52,0,1,4,4294967295,0,0
block,1440,768,003D4E20,0,1,7,4294967295,0,0
block,1440,608,003136AA,0,1,4,4294967295,0,0
block,1568,608,0035FEC0,0,1,17,4294967295,0,0
block,1184,32,000416CF,0,1,9,4294967295,0,0
block,2208,1024,0002A241,0,1,2,4294967295,0,0
block,2400,352,001A0F4B,0,1,1,4294967295,0,0
block,2400,128,0013E2DE,0,1,1,4294967295,0,0
block,1792,320,00212360,0,2,1,4294967295,0,0
block,1824,352,001730A9,0,1,1,4294967295,0,0
block,0,288,0032D205,0,3,1,4294967295,0,0
block,0,160,000F16AC,0,3,1,4294967295,0,0
block,256,0,00210D18,0,49,1,4294967295,0,0
block,384,576,0020E4AA,0,33,1,4294967295,0,0
block,1696,384,0027C611,0,3,1,4294967295,0,0
block,1792,608,000AA8C3,0,17,1,4294967295,0,0
block,1792,896,0017E509,0,3,1,4294967295,0,0
block,1760,1184,002E0EB1,0,17,1,4294967295,0,0
block,1600,1216,002D011C,0,25,1,4294967295,0,0
block,1440,1440,0001CF3F,0,2,1,4294967295,0,0
block,1440,1568,001CEEBF,0,8,1,4294967295,0,0
block,1440,1152,001C71B0,0,2,1,4294967295,0,0
block,1440,992,000E3952,0,2,1,4294967295,0,0
block,1440,736,0022CA60,0,2,1,4294967295,0,0
block,1600,1792,001E9379,0,11,1,4294967295,0,0
block,-32,352,0020FD64,0,4,1,4294967295,0,0
block,-32,416,00252771,0,6,1,4294967295,0,0
block,2208,-32,003D9AEA,0,6,1,4294967295,0,0
block,1920,1824,002DCAF6,0,1,1,4294967295,0,0
block,2048,1824,0005BA90,0,1,1,4294967295,0,0
block,1824,544,88F3993C,0,15,1,4294967295,0,0
block,1824,576,0FE2EB64,0,1,1,4294967295,0,0
FactoryPlatform,544,256,003BCA14,0,1,1,4294967295,0,0
FactoryPlatform,640,128,00006D63,0,1,1,4294967295,0,0
FactoryPlatform,736,128,0009B50C,0,1,1,4294967295,0,1
FactoryPlatform,832,352,001B47F8,0,1,1,4294967295,0,1
FactoryPlatform,1056,512,0020DEAA,0,1,1,4294967295,0,0
FactoryPlatform,1120,512,0026FF0C,0,1,1,4294967295,0,0
FactoryPlatform,1248,448,003C6EE7,0,1,1,4294967295,0,1
FactoryPlatform,1344,160,003AA194,0,1,1,4294967295,0,1
FactoryPlatform,1856,320,00295A85,0,1,1,4294967295,0,0
FactoryPlatform,1888,320,0029D408,0,1,1,4294967295,0,0
FactoryPlatform,1920,320,002AD1AC,0,1,1,4294967295,0,0
FactoryPlatform,1952,320,003FFA1B,0,1,1,4294967295,0,0
FactoryPlatform,1984,320,003D09BD,0,1,1,4294967295,0,0
FactoryPlatform,2016,320,003077E3,0,1,1,4294967295,0,0
FactoryPlatform,2048,320,002964E2,0,1,1,4294967295,0,0
FactoryPlatform,2080,320,000C7965,0,1,1,4294967295,0,0
FactoryPlatform,2112,320,00208940,0,1,1,4294967295,0,0
FactoryPlatform,2144,320,001B3F0E,0,1,1,4294967295,0,0
FactoryPlatform,2176,320,0033059C,0,1,1,4294967295,0,0
FactoryPlatform,1824,448,0031EC15,0,1,1,4294967295,0,0
FactoryPlatform,1888,448,002FBDBF,0,1,1,4294967295,0,0
FactoryPlatform,1856,448,00001510,0,1,1,4294967295,0,1
FactoryPlatform,1792,448,002275AF,0,1,1,4294967295,0,1
FactoryPlatform,1920,448,000B2EDB,0,1,1,4294967295,0,1
FactoryPlatform,1952,448,000D1324,0,1,1,4294967295,0,0
FactoryPlatform,1984,448,003A20F2,0,1,1,4294967295,0,1
FactoryPlatform,2016,448,000C9F60,0,1,1,4294967295,0,0
FactoryPlatform,2048,448,003C535C,0,1,1,4294967295,0,1
FactoryPlatform,2080,448,0001CC7C,0,1,1,4294967295,0,0
FactoryPlatform,2112,448,001E3683,0,1,1,4294967295,0,1
FactoryPlatform,2144,448,0019D928,0,1,1,4294967295,0,0
FactoryPlatform,2176,448,002AF8E8,0,1,1,4294967295,0,1
FactoryPlatform,2208,320,0010D26B,0,1,1,4294967295,0,0
FactoryPlatform,1504,576,003C8D9B,0,1,1,4294967295,0,1
blockYoku,1920,1344,000D5E53,0,1,1,4294967295,0,0
blockYoku,1792,1376,0024AD49,0,1,1,4294967295,0,0
blockYoku,1760,1472,0016BDED,0,1,1,4294967295,0,0
blockYoku,1760,1504,0019BAE9,0,1,1,4294967295,0,0
blockYoku,1760,1536,003BF104,0,1,1,4294967295,0,0
blockYoku,1920,1504,00255A09,0,1,1,4294967295,0,0
blockYoku,1920,1536,001D2C42,0,1,1,4294967295,0,0
blockYoku,1920,1568,002BBAA5,0,1,1,4294967295,0,0
blockYoku,1920,1600,003C8342,0,1,1,4294967295,0,0
blockYoku,1920,1632,000E1CA2,0,1,1,4294967295,0,0
blockYoku,1952,1664,00177AEA,0,1,1,4294967295,0,0
blockYoku,1984,1664,00252C77,0,1,1,4294967295,0,0
blockYoku,2016,1664,00375BB7,0,1,1,4294967295,0,0
blockYoku,2048,1632,00264153,0,1,1,4294967295,0,0
blockYoku,2048,1600,00111245,0,1,1,4294967295,0,0
blockYoku,2048,1568,00392FA6,0,1,1,4294967295,0,0
blockYoku,2048,1536,003D98CA,0,1,1,4294967295,0,0
blockYoku,2080,1536,000F534F,0,1,1,4294967295,0,0
blockYoku,2112,1536,0023818A,0,1,1,4294967295,0,0
blockYoku,2144,1536,0004EF8C,0,1,1,4294967295,0,0
blockYoku,2176,1536,002ADDCB,0,1,1,4294967295,0,0
blockYoku,2208,1504,002BB7AE,0,1,1,4294967295,0,0
blockYoku,2208,1472,001B501A,0,1,1,4294967295,0,0
blockYoku,2208,1440,00277D72,0,1,1,4294967295,0,0
blockYoku,2208,1408,00203B0A,0,1,1,4294967295,0,0
blockYoku,2208,1376,003CFDF7,0,1,1,4294967295,0,0
blockYoku,2144,1408,0003E07F,0,1,1,4294967295,0,0
blockYoku,2144,1440,0013C535,0,1,1,4294967295,0,0
blockYoku,2144,1472,0035C561,0,1,1,4294967295,0,0
blockYoku,2112,1472,001A56A3,0,1,1,4294967295,0,0
blockYoku,2080,1472,001FBED6,0,1,1,4294967295,0,0
blockYoku,2048,1472,0008723C,0,1,1,4294967295,0,0
blockYoku,2048,1440,0012A146,0,1,1,4294967295,0,0
blockYoku,2048,1408,002792CE,0,1,1,4294967295,0,0
blockYoku,2048,1376,00242CBB,0,1,1,4294967295,0,0
blockYoku,2080,1376,0018DEF0,0,1,1,4294967295,0,0
blockYoku,2112,1376,002C760E,0,1,1,4294967295,0,0
blockYoku,2144,1376,0005F96F,0,1,1,4294967295,0,0
blockYoku,1920,1376,00219B8B,0,1,1,4294967295,0,0
blockYoku,1920,1408,000E455E,0,1,1,4294967295,0,0
blockYoku,1920,1440,00384FD1,0,1,1,4294967295,0,0
blockYoku,1920,1472,000F08C0,0,1,1,4294967295,0,0
blockYoku,1920,1664,000CAEB3,0,1,1,4294967295,0,0
blockYoku,1920,1696,00344650,0,1,1,4294967295,0,0
blockYoku,1920,1728,0031F417,0,1,1,4294967295,0,0
blockYoku,2048,1664,002E18F4,0,1,1,4294967295,0,0
blockYoku,2080,1664,00315305,0,1,1,4294967295,0,0
blockYoku,2112,1664,003091D2,0,1,1,4294967295,0,0
blockYoku,2144,1664,002462F4,0,1,1,4294967295,0,0
blockYoku,2176,1664,000843B4,0,1,1,4294967295,0,0
blockYoku,2208,1664,0024380A,0,1,1,4294967295,0,0
blockYoku,2240,1664,001D653A,0,1,1,4294967295,0,0
blockYoku,2272,1664,00343192,0,1,1,4294967295,0,0
blockYoku,2304,1664,002D4326,0,1,1,4294967295,0,0
blockYoku,2304,1632,001E0A3E,0,1,1,4294967295,0,0
blockYoku,2304,1600,0025AECB,0,1,1,4294967295,0,0
blockYoku,2304,1568,0039F7EF,0,1,1,4294967295,0,0
blockYoku,2304,1536,0017920D,0,1,1,4294967295,0,0
blockYoku,2304,1504,003259C8,0,1,1,4294967295,0,0
blockYoku,2304,1472,00379A57,0,1,1,4294967295,0,0
blockYoku,2304,1440,000D1337,0,1,1,4294967295,0,0
blockYoku,2304,1408,001EC28D,0,1,1,4294967295,0,0
blockYoku,2304,1376,002C4A1D,0,1,1,4294967295,0,0
blockYoku,2272,1376,0030F5BD,0,1,1,4294967295,0,0
blockYoku,2240,1376,002D6215,0,1,1,4294967295,0,0
blockYoku,2048,1728,003F1CCC,0,1,1,4294967295,0,0
blockYoku,2080,1728,0028243E,0,1,1,4294967295,0,0
blockYoku,2112,1728,00381712,0,1,1,4294967295,0,0
blockYoku,2144,1728,0007E538,0,1,1,4294967295,0,0
blockYoku,2208,1728,00368A31,0,1,1,4294967295,0,0
blockYoku,2240,1728,000EB9D8,0,1,1,4294967295,0,0
blockYoku,2272,1728,0002E151,0,1,1,4294967295,0,0
blockYoku,2304,1728,002C5517,0,1,1,4294967295,0,0
blockYoku,2336,1728,0000BAD8,0,1,1,4294967295,0,0
blockYoku,2208,1536,002C144E,0,1,1,4294967295,0,0
movingPlatform,2208,768,00225927,0,1,1,4294967295,0,1
movingPlatform,1856,1056,00094A48,0,1,1,4294967295,0,1
movingPlatform,2176,1056,000CCC66,0,1,1,4294967295,0,1
movingPlatform,96,288,00256301,0,1,1,4294967295,0,1
warp,1952,1824,00300F9D,0,1,1,4294967295,0,1
cameraHard,288,96,0027FA20,0,1,1,4294967295,0,0
BlownEntrance,1440,224,00163C00,0,1,1,4294967295,0,0
Hammer,2272,831,002975DB,0,1,1,4294967295,0,0
HammerTrigger,2272,1052,00175430,0,1,1,4294967295,0,0
QuickLaser,2400,144,001CB969,0,1,1,4294967295,0,1
QuickLaser,1600,208,00200958,0,1,1,4294967295,0,1
QuickLaser,2400,368,003E2D32,0,1,1,4294967295,0,1
QuickLaser,2256,0,00386F25,0,1,1,4294967295,0,1
QuickLaser,1600,528,00040458,0,1,1,4294967295,0,1
QuickLaser,1808,607,00192B9A,0,1,1,4294967295,0,1
QuickLaserTimer,1728,96,0024A1B5,0,1,1,4294967295,0,0
QuickLaser,2352,0,0038B18D,0,1,1,4294967295,0,1
warp,2400,960,00250548,0,1,1,4294967295,0,1
blockNise,2272,1056,00076C36,0,1,1,4294967295,0,1
AndDownIGo,1504,608,00128CAD,0,1,1,4294967295,0,0
playerStart,0,384,001B5400,0,1,1,4294967295,0,0
trigger,288,64,00266DE4,0,1,1,4294967295,0,1
trigger,1184,32,002A3568,0,1,1,4294967295,0,1
trigger,1952,1632,002300A5,0,1,1,4294967295,0,1
trigger,2336,640,0012B0AC,0,1,1,4294967295,0,1
