tileMaster,5568,64,32,0,32,32,0,1,1,4294967295
tileMaster,5536,64,32,0,32,32,0,1,1,4294967295
tileMaster,5504,64,32,0,32,32,0,1,1,4294967295
tileMaster,5472,64,32,0,32,32,0,1,1,4294967295
tileMaster,5440,64,32,0,32,32,0,1,1,4294967295
tileMaster,5408,64,32,0,32,32,0,1,1,4294967295
tileMaster,5376,64,32,0,32,32,0,1,1,4294967295
tileMaster,5344,64,32,0,32,32,0,1,1,4294967295
tileMaster,5312,64,32,0,32,32,0,1,1,4294967295
tileMaster,5280,64,32,0,32,32,0,1,1,4294967295
tileMaster,5248,64,32,0,32,32,0,1,1,4294967295
tileMaster,5216,64,32,0,32,32,0,1,1,4294967295
tileMaster,5184,64,32,0,32,32,0,1,1,4294967295
tileMaster,5152,64,32,0,32,32,0,1,1,4294967295
tileMaster,5120,64,32,0,32,32,0,1,1,4294967295
tileMaster,5088,64,32,0,32,32,0,1,1,4294967295
tileMaster,5056,64,32,0,32,32,0,1,1,4294967295
tileMaster,5024,64,32,0,32,32,0,1,1,4294967295
tileMaster,4992,64,32,0,32,32,0,1,1,4294967295
tileMaster,4992,96,32,0,32,32,0,1,1,4294967295
tileMaster,4992,128,32,0,32,32,0,1,1,4294967295
tileMaster,4992,160,32,0,32,32,0,1,1,4294967295
tileMaster,4992,192,32,0,32,32,0,1,1,4294967295
tileMaster,4992,224,32,0,32,32,0,1,1,4294967295
tileMaster,4992,256,32,0,32,32,0,1,1,4294967295
tileMaster,4992,288,32,0,32,32,0,1,1,4294967295
tileMaster,4992,320,32,0,32,32,0,1,1,4294967295
tileMaster,4992,352,32,0,32,32,0,1,1,4294967295
