KraidSkybox,928,96,0018A1E2,0,1,1,4294967295,0,0
saveHard,5216,1280,00330E0F,0,1,1,4294967295,0,0
saveVeryHard,4992,512,000AED22,0,1,1,4294967295,0,0
saveHard,5728,480,00015D1F,0,1,1,4294967295,0,0
saveMedium,5056,672,000F93C0,0,1,1,4294967295,0,0
saveVeryHard,1376,448,003BE2A4,0,1,1,4294967295,0,0
spikeUp,5120,448,0015F9BC,0,1,1,4294967295,0,0
spikeUp,5184,455,002C3353,0,1,1,4294967295,0,0
spikeUp,5856,512,002150EC,0,1,1,4294967295,0,0
spikeUp,5888,512,00251658,0,1,1,4294967295,0,0
spikeUp,5920,512,00283693,0,1,1,4294967295,0,0
spikeUp,5952,512,000281A1,0,1,1,4294967295,0,0
spikeUp,5952,288,000B53E3,0,1,1,4294967295,0,0
spikeUp,5824,256,0023E7E3,0,1,1,4294967295,0,0
spikeUp,5984,224,003B898C,0,1,1,4294967295,0,0
spikeUp,6016,256,000AC987,0,1,1,4294967295,0,0
spikeUp,6176,192,0010FD45,0,1,1,4294967295,0,0
spikeUp,6048,512,003328E6,0,1,1,4294967295,0,0
spikeUp,6080,512,003F30FC,0,1,1,4294967295,0,0
spikeUp,6112,512,000EEFBF,0,1,1,4294967295,0,0
spikeUp,6176,512,0028A394,0,1,1,4294967295,0,0
spikeUp,6144,512,002538F5,0,1,1,4294967295,0,0
spikeUp,6208,512,000D3AE2,0,1,1,4294967295,0,0
spikeUp,6272,512,0035045A,0,1,1,4294967295,0,0
spikeUp,6240,512,002D9602,0,1,1,4294967295,0,0
spikeUp,6336,512,00096DB1,0,1,1,4294967295,0,0
spikeUp,6304,512,00404652,0,1,1,4294967295,0,0
spikeUp,4160,544,00327D66,0,1,1,4294967295,0,0
spikeUp,4192,544,0020FFC7,0,1,1,4294967295,0,0
spikeUp,4224,544,001B06C4,0,1,1,4294967295,0,0
spikeUp,4256,544,003870F2,0,1,1,4294967295,0,0
spikeUp,4288,544,003CF266,0,1,1,4294967295,0,0
spikeUp,4320,544,00143AF7,0,1,1,4294967295,0,0
spikeUp,4352,544,00006DED,0,1,1,4294967295,0,0
spikeUp,4384,544,003A2752,0,1,1,4294967295,0,0
spikeUp,4416,544,002359FA,0,1,1,4294967295,0,0
spikeUp,4448,544,00280AA8,0,1,1,4294967295,0,0
spikeUp,4480,544,0034F166,0,1,1,4294967295,0,0
spikeUp,4512,544,00116300,0,1,1,4294967295,0,0
spikeUp,4544,544,0012B430,0,1,1,4294967295,0,0
spikeUp,4576,544,001B2768,0,1,1,4294967295,0,0
spikeUp,3744,160,003DFB40,0,1,1,4294967295,0,0
spikeUp,3712,160,0002CA70,0,1,1,4294967295,0,0
spikeUp,3680,160,0011D616,0,1,1,4294967295,0,0
spikeUp,3648,160,0035202E,0,1,1,4294967295,0,0
spikeUp,3616,160,002A0374,0,1,1,4294967295,0,0
spikeUp,3584,160,00194D05,0,1,1,4294967295,0,0
spikeUp,3552,160,00156F0C,0,1,1,4294967295,0,0
spikeUp,3520,160,0024C269,0,1,1,4294967295,0,0
spikeUp,3076,224,001A631C,0,1,1,4294967295,0,0
spikeUp,2944,367,0035E7AE,0,1,1,4294967295,0,1
spikeUp,2912,544,001AA574,0,1,1,4294967295,0,0
spikeUp,2880,544,0001B442,0,1,1,4294967295,0,0
spikeUp,2848,544,0031A7B5,0,1,1,4294967295,0,0
spikeUp,2816,544,0013AC5E,0,1,1,4294967295,0,0
spikeUp,2784,544,000701E8,0,1,1,4294967295,0,0
spikeUp,2752,544,002897A5,0,1,1,4294967295,0,0
spikeUp,2720,544,000C7377,0,1,1,4294967295,0,0
spikeUp,2688,544,0003E6E1,0,1,1,4294967295,0,0
spikeUp,2656,544,001D90DE,0,1,1,4294967295,0,0
spikeUp,2624,544,003D09F3,0,1,1,4294967295,0,0
spikeUp,1472,256,003EAD6A,0,1,1,4294967295,0,0
spikeUp,1440,256,0032EF1F,0,1,1,4294967295,0,0
spikeUp,1408,256,00261FE9,0,1,1,4294967295,0,0
spikeUp,1376,160,002FB34C,0,1,1,4294967295,0,0
spikeUp,1344,256,00159860,0,1,1,4294967295,0,0
spikeUp,1312,256,001A7E1A,0,1,1,4294967295,0,0
spikeUp,1216,512,0038DFD2,0,1,1,4294967295,0,0
spikeUp,1184,512,002FF18C,0,1,1,4294967295,0,0
spikeUp,1120,512,003F6FDF,0,1,1,4294967295,0,0
spikeUp,1088,512,0016B4A5,0,1,1,4294967295,0,0
spikeUp,1056,512,002A0E2A,0,1,1,4294967295,0,0
spikeUp,4928,992,0004A8E0,0,1,1,4294967295,0,0
spikeUp,4960,992,00343B8A,0,1,1,4294967295,0,0
spikeUp,4992,992,001B3D61,0,1,1,4294967295,0,0
spikeUp,4992,800,00278403,0,1,1,4294967295,0,0
spikeUp,5024,800,0019CB54,0,1,1,4294967295,0,0
spikeUp,4928,800,0021BABD,0,1,1,4294967295,0,0
spikeUp,4896,800,0020A9B7,0,1,1,4294967295,0,0
spikeUp,5472,896,00247FA1,0,1,1,4294967295,0,0
spikeUp,4992,1504,0018F308,0,1,1,4294967295,0,0
spikeUp,5088,1612,00195144,0,1,1,4294967295,0,0
spikeUp,4896,1600,002AABC9,0,1,1,4294967295,0,0
spikeUp,5056,1344,0004D3A7,0,1,1,4294967295,0,0
spikeUp,1696,544,003DD8E3,0,1,1,4294967295,0,0
spikeUp,1728,544,001AFA92,0,1,1,4294967295,0,0
spikeUp,1760,544,001A667F,0,1,1,4294967295,0,0
spikeUp,1792,544,0005EB33,0,1,1,4294967295,0,0
spikeUp,1824,544,001BC0BC,0,1,1,4294967295,0,0
spikeUp,1856,544,00235061,0,1,1,4294967295,0,0
spikeUp,1888,512,0010AE18,0,1,1,4294967295,0,0
spikeUp,1920,512,00334D4E,0,1,1,4294967295,0,0
spikeUp,1952,512,0024C8C2,0,1,1,4294967295,0,0
WheelTrap,1872,560,00339AB8,0,1,1,4294967295,0,0
spikeDown,1248,64,0031E81F,0,1,1,4294967295,0,0
spikeDown,1280,32,0006E12B,0,1,1,4294967295,0,0
spikeDown,1312,32,000781DE,0,1,1,4294967295,0,0
spikeDown,1344,32,001AA962,0,1,1,4294967295,0,0
spikeDown,1376,64,002EF99E,0,1,1,4294967295,0,0
spikeDown,1408,32,00261DA1,0,1,1,4294967295,0,0
spikeDown,1440,32,0014B9BA,0,1,1,4294967295,0,0
spikeDown,3104,192,0016AF74,0,1,1,4294967295,0,0
spikeDown,3136,192,0007E329,0,1,1,4294967295,0,0
spikeDown,3072,160,00346A4C,0,1,1,4294967295,0,0
spikeDown,4672,224,002247AB,0,1,1,4294967295,0,0
spikeDown,4704,192,0034C752,0,1,1,4294967295,0,0
spikeDown,4736,224,0008D095,0,1,1,4294967295,0,0
spikeDown,5952,128,0011E207,0,1,1,4294967295,0,0
spikeDown,6176,160,003AAB93,0,1,1,4294967295,0,0
spikeDown,6208,160,00270AF3,0,1,1,4294967295,0,0
spikeDown,6176,352,0014B1AD,0,1,1,4294967295,0,0
spikeDown,5024,896,00208F29,0,1,1,4294967295,0,0
spikeDown,4896,896,003140A3,0,1,1,4294967295,0,0
spikeDown,5152,1248,0018D79A,0,1,1,4294967295,0,0
spikeDown,5120,1280,002278DA,0,1,1,4294967295,0,0
spikeDown,5088,1312,003EC6B5,0,1,1,4294967295,0,0
spikeDown,5056,1312,00082A07,0,1,1,4294967295,0,0
spikeDown,4960,1344,001589EB,0,1,1,4294967295,0,0
spikeDown,4928,1376,001DFB71,0,1,1,4294967295,0,0
spikeDown,4896,1408,0038B5FE,0,1,1,4294967295,0,0
spikeRight,6048,288,0021D520,0,1,1,4294967295,0,0
spikeRight,6048,320,002B1B81,0,1,1,4294967295,0,0
spikeRight,6208,224,003095B7,0,1,1,4294967295,0,0
spikeRight,6208,256,003E8567,0,1,1,4294967295,0,0
spikeRight,6208,288,0007B726,0,1,1,4294967295,0,0
spikeRight,6208,320,003E7943,0,1,1,4294967295,0,0
spikeRight,5120,832,0002F9C1,0,1,1,4294967295,0,0
spikeRight,5120,800,003CCC8C,0,1,1,4294967295,0,0
spikeRight,5120,768,00262725,0,1,1,4294967295,0,0
spikeRight,4992,1056,00192996,0,1,1,4294967295,0,0
spikeRight,4992,1088,001EACB0,0,1,1,4294967295,0,0
spikeRight,4992,1120,0008823C,0,1,1,4294967295,0,0
spikeRight,4992,1152,00213CAA,0,1,1,4294967295,0,0
spikeRight,4992,1184,0007A3FA,0,1,1,4294967295,0,0
spikeRight,4992,1216,001C423F,0,1,1,4294967295,0,0
spikeRight,4992,1248,001D1F8A,0,1,1,4294967295,0,0
spikeLeft,6144,224,0004AD9E,0,1,1,4294967295,0,0
spikeLeft,6144,256,002D4827,0,1,1,4294967295,0,0
spikeLeft,6144,288,0028A1E6,0,1,1,4294967295,0,0
spikeLeft,6144,320,0038F220,0,1,1,4294967295,0,0
spikeLeft,4928,1056,0014F50D,0,1,1,4294967295,0,0
spikeLeft,4928,1088,000698D1,0,1,1,4294967295,0,0
spikeLeft,4928,1120,002DFA02,0,1,1,4294967295,0,0
spikeLeft,4928,1120,003B8349,0,1,1,4294967295,0,0
spikeLeft,4928,1152,001DB80D,0,1,1,4294967295,0,0
spikeLeft,4928,1184,0022FF50,0,1,1,4294967295,0,0
spikeLeft,4928,1216,00072C32,0,1,1,4294967295,0,0
spikeLeft,4928,1248,0031A460,0,1,1,4294967295,0,0
spikeLeft,4928,1280,002A8ED9,0,1,1,4294967295,0,0
spikeLeft,5184,928,0026797C,0,1,1,4294967295,0,0
FlyingSpike,1152,512,003014E9,0,1,1,4294967295,0,0
FallingCave,5216,960,000EAEE8,0,1,1,4294967295,0,0
FallingCave,5152,352,00225F8B,0,1,1,4294967295,0,0
FallingCave,5184,320,0001ED07,0,1,1,4294967295,0,0
FallingCave,5216,320,00329D1A,0,1,1,4294967295,0,0
FallingCave,5248,320,002327DD,0,1,1,4294967295,0,0
FallingCave,5280,320,00124CB6,0,1,1,4294967295,0,0
FallingCave,5312,320,00145371,0,1,1,4294967295,0,0
FallingCave,5344,320,00298C93,0,1,1,4294967295,0,0
FallingCave,5376,320,002D63BF,0,1,1,4294967295,0,0
FallingCave,5408,320,0001EF8F,0,1,1,4294967295,0,0
FallingCave,5440,320,003BC694,0,1,1,4294967295,0,0
block,3072,128,003662F6,0,6,1,4294967295,0,0
block,3104,160,000C68B3,0,3,1,4294967295,0,0
block,3168,192,001CB38C,0,10,1,4294967295,0,0
block,3264,224,00197C1F,0,7,1,4294967295,0,0
block,3456,256,0023B85D,0,1,3,4294967295,0,0
block,3584,256,002B10E2,0,2,3,4294967295,0,0
block,3616,352,001CDE10,0,1,1,4294967295,0,0
block,544,32,00329F7D,0,8,1,4294967295,0,0
block,544,96,0039304A,0,8,1,4294967295,0,0
block,544,128,003F57F7,0,1,14,4294967295,0,0
block,768,128,0013B33A,0,1,13,4294967295,0,0
block,992,512,0001E412,0,2,1,4294967295,0,0
block,1024,480,00073FC9,0,1,1,4294967295,0,0
block,1184,544,00322A6B,0,3,1,4294967295,0,0
block,1248,480,0034607D,0,1,2,4294967295,0,0
block,1280,473,0008FBA9,0,3,1,4294967295,0,0
block,1376,480,002AEA13,0,1,1,4294967295,0,0
block,1408,473,000F1C2B,0,2,1,4294967295,0,0
block,1280,425,00153222,0,3,1,4294967295,0,0
block,1376,416,0016B92F,0,1,1,4294967295,0,0
block,1408,425,00001703,0,2,1,4294967295,0,0
block,1280,384,001B16DD,0,2,1,4294967295,0,0
block,1280,416,001996BF,0,1,1,4294967295,0,0
block,1312,320,000FAAD3,0,1,2,4294967295,0,0
block,1312,288,0019B825,0,6,1,4294967295,0,0
block,1376,192,0022F67B,0,1,3,4294967295,0,0
block,1216,192,000BF0A5,0,1,4,4294967295,0,0
block,1184,96,001C9A15,0,2,3,4294967295,0,0
block,1152,64,0036BE03,0,3,1,4294967295,0,0
block,1152,32,00187CEA,0,1,1,4294967295,0,0
block,1120,0,0013FC67,0,2,1,4294967295,0,0
block,1376,32,00004E28,0,1,1,4294967295,0,0
block,1440,320,0038BE3C,0,1,4,4294967295,0,0
block,1472,480,0038C15C,0,1,1,4294967295,0,0
block,1568,448,001C027C,0,1,3,4294967295,0,0
block,1664,512,0017C486,0,1,1,4294967295,0,0
block,2944,96,00387661,0,1,7,4294967295,0,0
block,2912,64,0009E233,0,2,1,4294967295,0,0
block,2912,32,00014162,0,3,1,4294967295,0,0
block,2880,0,000C6856,0,2,1,4294967295,0,0
block,3076,352,002D28CB,0,1,1,4294967295,0,0
block,3076,321,00049CBC,0,1,1,4294967295,0,0
block,3076,256,002D4FA6,0,1,2,4294967295,0,0
block,1888,544,00073E83,0,3,1,4294967295,0,0
block,2304,352,002E53B5,0,5,1,4294967295,0,0
block,2336,320,001E4586,0,3,1,4294967295,0,0
block,2368,288,002B2AD9,0,2,1,4294967295,0,0
block,1673,512,001F6CA3,0,1,1,4294967295,0,0
block,3744,320,002BC672,0,1,2,4294967295,0,0
block,3744,288,0002D469,0,3,1,4294967295,0,0
block,3744,256,0038045E,0,12,1,4294967295,0,0
block,3520,192,000453E0,0,8,1,4294967295,0,0
block,3680,224,0017EF29,0,1,2,4294967295,0,0
block,3840,224,0007FE1C,0,6,1,4294967295,0,0
block,3968,288,001832E8,0,1,1,4294967295,0,0
block,3968,320,003944DF,0,3,1,4294967295,0,0
block,3968,352,0002FD7F,0,2,1,4294967295,0,0
block,4640,224,000DCB2C,0,1,5,4294967295,0,0
block,4608,192,000ADE01,0,3,1,4294967295,0,0
block,4608,128,002B2CB9,0,1,2,4294967295,0,0
block,4512,96,000E0E35,0,4,1,4294967295,0,0
block,4480,64,003FA783,0,2,1,4294967295,0,0
block,4448,32,0002DB35,0,2,1,4294967295,0,0
block,4416,0,0037E39D,0,2,1,4294967295,0,0
block,4768,352,003F22DC,0,7,1,4294967295,0,0
block,4768,224,002A0F14,0,1,4,4294967295,0,0
block,4736,192,00402AA7,0,2,1,4294967295,0,0
block,5024,352,000FB501,0,2,1,4294967295,0,0
block,5472,320,000C4814,0,2,1,4294967295,0,0
block,5504,352,0033445C,0,5,1,4294967295,0,0
block,5664,224,000F75CE,0,1,3,4294967295,0,0
block,6176,128,001530B7,0,4,1,4294967295,0,0
block,6240,160,0030F8DF,0,3,1,4294967295,0,0
block,6336,256,002964C2,0,2,1,4294967295,0,0
block,6272,320,0021C93D,0,4,1,4294967295,0,0
block,6304,352,0011CBD2,0,3,1,4294967295,0,0
block,6368,384,00337465,0,1,5,4294967295,0,0
block,5984,256,0029FBE9,0,1,1,4294967295,0,0
block,5984,288,00247CD1,0,2,1,4294967295,0,0
block,5952,320,0032B8BF,0,3,1,4294967295,0,0
block,5984,352,0003001E,0,2,6,4294967295,0,0
block,5792,448,003012B9,0,2,1,4294967295,0,0
block,5792,480,00163B39,0,3,1,4294967295,0,0
block,5792,512,001DDFF7,0,2,1,4294967295,0,0
block,5696,480,00227384,0,1,2,4294967295,0,0
block,5664,544,0020A035,0,23,1,4294967295,0,0
block,5504,576,00173552,0,6,1,4294967295,0,0
block,5184,480,002114C4,0,1,3,4294967295,0,0
block,5120,480,000FCB5F,0,1,3,4294967295,0,0
block,5056,544,003BEF3B,0,1,1,4294967295,0,0
block,4960,512,0029B663,0,1,1,4294967295,0,0
block,5024,320,0018E5F8,0,5,1,4294967295,0,0
block,5024,128,00211582,0,1,6,4294967295,0,0
block,5024,96,0024A977,0,40,1,4294967295,0,0
block,4960,64,00091BC9,0,1,9,4294967295,0,0
block,6336,64,0010653B,0,2,1,4294967295,0,0
block,6368,96,0017BE6D,0,1,5,4294967295,0,0
block,6368,288,001AA53D,0,1,1,4294967295,0,0
block,5824,288,0012F765,0,1,3,4294967295,0,0
block,6048,128,002D184B,0,1,2,4294967295,0,0
block,6176,224,002A4D66,0,1,4,4294967295,0,0
blockTrapDestructible,1920,512,0005F618,0,1,1,4294967295,0,0
blockTrapDestructible,2240,544,0032974C,0,1,1,4294967295,0,0
blockTrapDestructible,2240,512,002F2154,0,1,1,4294967295,0,0
blockTrapDestructible,2240,480,001D1A47,0,1,1,4294967295,0,0
blockTrapDestructible,2240,448,0014AC3A,0,1,1,4294967295,0,0
blockTrapDestructible,2272,448,003A6560,0,1,1,4294967295,0,0
blockTrapDestructible,2304,448,002F9862,0,1,1,4294967295,0,0
blockTrapDestructible,2304,480,00040960,0,1,1,4294967295,0,0
blockTrapDestructible,2304,512,00366B23,0,1,1,4294967295,0,0
blockTrapDestructible,2304,544,00086E9D,0,1,1,4294967295,0,0
blockTrapDestructible,2272,544,003301E5,0,1,1,4294967295,0,0
blockTrapDestructible,2272,512,0001CBF2,0,1,1,4294967295,0,0
blockTrapDestructible,2272,480,002C89FF,0,1,1,4294967295,0,0
blockTrapDestructible,2336,448,00082DE2,0,1,1,4294967295,0,0
blockTrapDestructible,2336,480,0014F4FE,0,1,1,4294967295,0,0
blockTrapDestructible,2336,512,00065A60,0,1,1,4294967295,0,0
blockTrapDestructible,2336,544,0014F9F0,0,1,1,4294967295,0,0
blockTrapDestructible,2368,544,00385019,0,1,1,4294967295,0,0
blockTrapDestructible,2400,544,003A8CB3,0,1,1,4294967295,0,0
blockTrapDestructible,2432,544,0039338C,0,1,1,4294967295,0,0
blockTrapDestructible,2464,544,003BE160,0,1,1,4294967295,0,0
blockTrapDestructible,2464,512,002EE281,0,1,1,4294967295,0,0
blockTrapDestructible,2432,512,000CCDA6,0,1,1,4294967295,0,0
blockTrapDestructible,2400,512,0037D6AA,0,1,1,4294967295,0,0
blockTrapDestructible,2368,512,002A18B7,0,1,1,4294967295,0,0
blockTrapDestructible,2368,480,000D8916,0,1,1,4294967295,0,0
blockTrapDestructible,2400,480,002132DF,0,1,1,4294967295,0,0
blockTrapDestructible,2432,480,003D775F,0,1,1,4294967295,0,0
blockTrapDestructible,2464,480,00148F17,0,1,1,4294967295,0,0
blockTrapDestructible,2432,448,0011F930,0,1,1,4294967295,0,0
blockTrapDestructible,2400,448,0028324C,0,1,1,4294967295,0,0
blockTrapDestructible,2368,448,0021FE25,0,1,1,4294967295,0,0
blockTrapDestructible,2400,416,00180A83,0,1,1,4294967295,0,0
blockTrapDestructible,2368,416,00308F6C,0,1,1,4294967295,0,0
blockTrapDestructible,2336,416,0011A5DE,0,1,1,4294967295,0,0
blockTrapDestructible,2304,416,00168981,0,1,1,4294967295,0,0
blockTrapDestructible,2432,416,001F7634,0,1,1,4294967295,0,0
blockTrapDestructible,2432,384,0000505B,0,1,1,4294967295,0,0
blockTrapDestructible,2400,384,00053613,0,1,1,4294967295,0,0
blockTrapDestructible,2368,384,000B00D0,0,1,1,4294967295,0,0
blockTrapDestructible,2336,384,001F5FF0,0,1,1,4294967295,0,0
blockTrapDestructible,2304,384,00108C8B,0,1,1,4294967295,0,0
blockTrapDestructible,2560,544,0022D61E,0,1,1,4294967295,0,0
blockTrapDestructible,2592,544,003E8456,0,1,1,4294967295,0,0
blockTrapDestructible,2592,512,00210F6C,0,1,1,4294967295,0,0
blockTrapDestructible,2592,480,000A0170,0,1,1,4294967295,0,0
blockTrapDestructible,2624,480,000E5513,0,1,1,4294967295,0,0
blockTrapDestructible,2656,480,00066F34,0,1,1,4294967295,0,0
blockTrapDestructible,2688,480,00284401,0,1,1,4294967295,0,0
blockTrapDestructible,2720,480,0019B518,0,1,1,4294967295,0,0
blockTrapDestructible,2752,480,001B0F1B,0,1,1,4294967295,0,0
blockTrapDestructible,2784,480,0030EF59,0,1,1,4294967295,0,0
blockTrapDestructible,2816,480,000EB6F9,0,1,1,4294967295,0,0
blockTrapDestructible,2848,480,00266B46,0,1,1,4294967295,0,0
blockTrapDestructible,2880,480,00366AFD,0,1,1,4294967295,0,0
blockTrapDestructible,2912,480,00285362,0,1,1,4294967295,0,0
blockTrapDestructible,2944,480,00012202,0,1,1,4294967295,0,0
blockTrapDestructible,2944,512,002B71B3,0,1,1,4294967295,0,0
blockTrapDestructible,2944,544,000800F2,0,1,1,4294967295,0,0
blockTrapDestructible,2944,448,00218876,0,1,1,4294967295,0,0
blockTrapDestructible,2944,431,001715FD,0,1,1,4294967295,0,0
blockTrapDestructible,2944,399,001DF959,0,1,1,4294967295,0,0
blockTrapDestructible,3076,384,000A268D,0,1,1,4294967295,0,0
blockTrapDestructible,3968,544,001B9B34,0,1,1,4294967295,0,0
blockTrapDestructible,4000,544,0011CD55,0,1,1,4294967295,0,0
blockTrapDestructible,4000,512,0014C9B6,0,1,1,4294967295,0,0
blockTrapDestructible,3968,512,002A0943,0,1,1,4294967295,0,0
blockTrapDestructible,3968,480,00142128,0,1,1,4294967295,0,0
blockTrapDestructible,3968,448,001DEF11,0,1,1,4294967295,0,0
blockTrapDestructible,4000,448,0038C68B,0,1,1,4294967295,0,0
blockTrapDestructible,4000,480,0016F9DB,0,1,1,4294967295,0,0
blockTrapDestructible,4000,416,001E114A,0,1,1,4294967295,0,0
blockTrapDestructible,3968,416,00005E50,0,1,1,4294967295,0,0
blockTrapDestructible,3968,384,0014D273,0,1,1,4294967295,0,0
blockTrapDestructible,4000,384,0032BB6F,0,1,1,4294967295,0,0
blockTrapDestructible,4128,544,0019C2A7,0,1,1,4294967295,0,0
blockTrapDestructible,4128,512,002CFC27,0,1,1,4294967295,0,0
blockTrapDestructible,4160,512,002F4E93,0,1,1,4294967295,0,0
blockTrapDestructible,4192,512,00227D1B,0,1,1,4294967295,0,0
blockTrapDestructible,4224,512,001E40E4,0,1,1,4294967295,0,0
blockTrapDestructible,4256,512,000D1632,0,1,1,4294967295,0,0
blockTrapDestructible,4288,512,001DBC7C,0,1,1,4294967295,0,0
blockTrapDestructible,4320,512,00192D5E,0,1,1,4294967295,0,0
blockTrapDestructible,4352,512,00316B0B,0,1,1,4294967295,0,0
blockTrapDestructible,4384,512,0017E7E5,0,1,1,4294967295,0,0
blockTrapDestructible,4416,512,00216161,0,1,1,4294967295,0,0
blockTrapDestructible,4448,512,0038FC5C,0,1,1,4294967295,0,0
blockTrapDestructible,4480,512,003EE87B,0,1,1,4294967295,0,0
blockTrapDestructible,4512,512,001FB084,0,1,1,4294967295,0,0
blockTrapDestructible,4544,512,001D0422,0,1,1,4294967295,0,0
blockTrapDestructible,4576,512,00013BE6,0,1,1,4294967295,0,0
blockTrapDestructible,4608,512,000CAB13,0,1,1,4294967295,0,0
blockTrapDestructible,4608,544,00155855,0,1,1,4294967295,0,0
blockTrapDestructible,4736,544,000F6CEA,0,1,1,4294967295,0,0
blockTrapDestructible,4736,512,000E25D9,0,1,1,4294967295,0,0
blockTrapDestructible,4736,480,003D2E37,0,1,1,4294967295,0,0
blockTrapDestructible,4736,448,000A0D6C,0,1,1,4294967295,0,0
blockTrapDestructible,4768,544,00075EC7,0,1,1,4294967295,0,0
blockTrapDestructible,4768,512,0036E5A0,0,1,1,4294967295,0,0
blockTrapDestructible,4768,480,0039D2AD,0,1,1,4294967295,0,0
blockTrapDestructible,4768,448,000A85B1,0,1,1,4294967295,0,0
blockTrapDestructible,4768,416,0018A26F,0,1,1,4294967295,0,0
blockTrapDestructible,4768,384,0033C482,0,1,1,4294967295,0,0
blockTrapDestructible,5568,544,003C6335,0,1,1,4294967295,0,0
blockTrapDestructible,5568,512,003F5DFA,0,1,1,4294967295,0,0
blockTrapDestructible,5568,480,0028F450,0,1,1,4294967295,0,0
blockTrapDestructible,5568,448,003C9D5F,0,1,1,4294967295,0,0
blockTrapDestructible,5568,416,002EA1E2,0,1,1,4294967295,0,0
blockTrapDestructible,5568,384,000C2A30,0,1,1,4294967295,0,0
blockTrapDestructible,3616,384,003C90E9,0,1,1,4294967295,0,0
blockTrapDestructible,4960,544,0020ECFD,0,1,1,4294967295,0,0
blockTrapDestructible,4928,544,003440F1,0,1,1,4294967295,0,0
blockTrapDestructible,4896,544,003CBDCD,0,1,1,4294967295,0,0
blockTrapDestructible,4864,544,003836AD,0,1,1,4294967295,0,0
blockTrapDestructible,4832,544,00303840,0,1,1,4294967295,0,0
blockTrapDestructible,4800,544,003B5567,0,1,1,4294967295,0,0
blockTrapDestructible,4800,512,00128D4C,0,1,1,4294967295,0,0
blockTrapDestructible,4832,512,0020C3F0,0,1,1,4294967295,0,0
blockTrapDestructible,4864,512,0011745B,0,1,1,4294967295,0,0
blockTrapDestructible,4896,512,0003DE70,0,1,1,4294967295,0,0
blockTrapDestructible,4928,512,00296337,0,1,1,4294967295,0,0
blockTrapDestructible,4928,480,002EB3A6,0,1,1,4294967295,0,0
blockTrapDestructible,4928,448,00016CF1,0,1,1,4294967295,0,0
blockTrapDestructible,4928,416,001DEFDB,0,1,1,4294967295,0,0
blockTrapDestructible,4928,384,00221101,0,1,1,4294967295,0,0
blockTrapDestructible,4896,384,001BCD87,0,1,1,4294967295,0,0
blockTrapDestructible,4864,384,003668AA,0,1,1,4294967295,0,0
blockTrapDestructible,4832,384,00295D14,0,1,1,4294967295,0,0
blockTrapDestructible,4800,384,00283CC5,0,1,1,4294967295,0,0
blockTrapDestructible,4800,416,0024CC64,0,1,1,4294967295,0,0
blockTrapDestructible,4832,416,003E177F,0,1,1,4294967295,0,0
blockTrapDestructible,4864,416,003C783F,0,1,1,4294967295,0,0
blockTrapDestructible,4896,416,002769E3,0,1,1,4294967295,0,0
blockTrapDestructible,4896,448,0001CF3A,0,1,1,4294967295,0,0
blockTrapDestructible,4864,448,003AE798,0,1,1,4294967295,0,0
blockTrapDestructible,4832,448,001AF0E7,0,1,1,4294967295,0,0
blockTrapDestructible,4800,448,001E10B3,0,1,1,4294967295,0,0
blockTrapDestructible,4800,480,00317174,0,1,1,4294967295,0,0
blockTrapDestructible,4832,480,002F7EFC,0,1,1,4294967295,0,0
blockTrapDestructible,4864,480,0000047D,0,1,1,4294967295,0,0
blockTrapDestructible,4896,480,00081175,0,1,1,4294967295,0,0
block,5280,608,00378CE2,0,1,10,4294967295,0,0
block,5248,960,0030DE1A,0,8,1,4294967295,0,0
block,5216,928,002883EE,0,10,1,4294967295,0,0
block,5216,736,0027080B,0,1,6,4294967295,0,0
block,5184,704,0034DEB9,0,2,1,4294967295,0,0
block,5152,672,0031D674,0,2,1,4294967295,0,0
block,5152,640,000F0D9F,0,1,1,4294967295,0,0
block,5568,864,0023933C,0,1,6,4294967295,0,0
block,5536,832,0014B039,0,2,1,4294967295,0,0
block,5536,608,001B1311,0,1,7,4294967295,0,0
block,5056,704,0024F6A6,0,2,4,4294967295,0,0
block,4992,832,0004F28F,0,4,1,4294967295,0,0
block,4864,640,00336C67,0,1,6,4294967295,0,0
block,4864,896,0027CD07,0,1,13,4294967295,0,0
block,4928,1024,0021348D,0,3,1,4294967295,0,0
block,4960,1056,0007A7A8,0,1,8,4294967295,0,0
block,5024,864,002EFA94,0,3,1,4294967295,0,0
block,5056,896,0015E053,0,2,5,4294967295,0,0
block,5056,1056,000FE57B,0,17,1,4294967295,0,0
block,5056,1088,0003FB94,0,1,5,4294967295,0,0
block,4864,1408,00254711,0,1,7,4294967295,0,0
block,4864,1664,000A1BE4,0,1,4,4294967295,0,0
block,5152,1600,00274DA7,0,1,6,4294967295,0,0
block,5153,1536,0013B0EF,0,1,2,4294967295,0,0
block,5152,1408,0000CF73,0,1,4,4294967295,0,0
block,5152,1376,0033DC79,0,3,1,4294967295,0,0
block,5056,1376,002B1D4D,0,1,4,4294967295,0,0
block,4992,1536,000EC89F,0,1,2,4294967295,0,0
block,5088,1644,0012EF21,0,1,2,4294967295,0,0
block,5056,1280,003F9564,0,2,1,4294967295,0,0
block,5056,1248,0016304B,0,3,1,4294967295,0,0
block,5216,1248,00112109,0,6,1,4294967295,0,0
block,5376,1280,003A5EF4,0,2,1,4294967295,0,0
block,5408,1312,000341DA,0,1,17,4294967295,0,0
block,5216,1408,00114BE8,0,1,14,4294967295,0,0
blockTrapDestructible,1952,512,0036F24A,0,1,1,4294967295,0,0
blockTrapDestructible,5600,384,000B46E9,0,1,1,4294967295,0,0
blockTrapDestructible,5600,416,00194449,0,1,1,4294967295,0,0
blockTrapDestructible,5600,480,002ED517,0,1,1,4294967295,0,0
blockTrapDestructible,5600,512,00315B13,0,1,1,4294967295,0,0
blockTrapDestructible,5600,544,0029BB62,0,1,1,4294967295,0,0
blockTrapDestructible,5600,448,000741DC,0,1,1,4294967295,0,0
block,192,576,0007BB50,0,12,1,4294967295,0,0
block,768,544,003B9A5E,0,12,1,4294967295,0,0
block,1120,576,00129028,0,3,1,4294967295,0,0
block,1216,32,000600D5,0,2,1,4294967295,0,0
block,1248,0,003A71E2,0,8,1,4294967295,0,0
block,1664,576,0030E158,0,8,1,4294967295,0,0
block,1952,576,0036C01B,0,105,1,4294967295,0,0
block,1472,512,001CC3CA,0,2,1,4294967295,0,0
block,1504,544,00197F55,0,6,1,4294967295,0,0
block,3232,160,0032E488,0,2,1,4294967295,0,0
block,2976,0,003BA68C,0,2,1,4294967295,0,0
block,4032,288,00184CFF,0,2,1,4294967295,0,0
block,4672,160,000DACAB,0,3,1,4294967295,0,0
block,4960,32,003AF758,0,44,1,4294967295,0,0
block,5152,288,0003E2DE,0,11,1,4294967295,0,0
block,4864,608,001AA813,0,10,1,4294967295,0,0
block,4864,832,003C23BB,0,3,1,4294967295,0,0
block,4864,864,000274C6,0,2,1,4294967295,0,0
block,5728,128,00278A11,0,2,1,4294967295,0,0
block,5696,160,000B958D,0,2,1,4294967295,0,0
block,5664,192,0032F7FC,0,2,1,4294967295,0,0
block,5632,320,003A4ABD,0,2,1,4294967295,0,0
block,4864,1312,002FE2D0,0,4,1,4294967295,0,0
block,4896,1344,001A3483,0,2,1,4294967295,0,0
block,4864,1376,002E1F2E,0,2,1,4294967295,0,0
block,4864,1632,002CD75D,0,2,1,4294967295,0,0
block,4864,1792,00100BF7,0,10,1,4294967295,0,0
block,5120,1216,001F283E,0,4,1,4294967295,0,0
block,192,-64,0017031E,0,1,20,4294967295,0,0
block,192,-96,0016DCD5,0,12,1,4294967295,0,0
block,544,-64,002E4DA3,0,1,3,4294967295,0,0
block,768,-64,0006E883,0,1,3,4294967295,0,0
block,768,-96,002D3287,0,12,1,4294967295,0,0
block,1472,-64,0000D5A7,0,1,2,4294967295,0,0
block,1120,-64,001C938C,0,1,2,4294967295,0,0
block,1472,-96,00312FA7,0,45,1,4294967295,0,0
block,2880,-64,0003AF9B,0,1,2,4294967295,0,0
block,3008,-64,00037011,0,1,2,4294967295,0,0
block,3008,-96,00065863,0,45,1,4294967295,0,0
block,4416,-64,0014B86F,0,1,2,4294967295,0,0
blockTrapDestructible,1888,512,001FE792,0,1,1,4294967295,0,0
blockTrapDestructible,1904,512,000CB89D,0,1,1,4294967295,0,0
WalljumpL,1376,224,0023CF85,0,1,1,4294967295,0,0
WalljumpL,1376,256,003EEC13,0,1,1,4294967295,0,0
WalljumpR,1376,224,000E9BD7,0,1,1,4294967295,0,0
WalljumpR,1376,256,00319957,0,1,1,4294967295,0,0
WalljumpL,1216,288,0011EDAC,0,1,1,4294967295,0,0
WalljumpL,1216,256,0017423E,0,1,1,4294967295,0,0
WalljumpL,1216,224,0036AC24,0,1,1,4294967295,0,0
WalljumpL,1216,192,002826F5,0,1,1,4294967295,0,0
WalljumpL,1216,160,000CCEF9,0,1,1,4294967295,0,0
WalljumpL,1216,128,00064989,0,1,1,4294967295,0,0
WalljumpL,1216,96,001FB981,0,1,1,4294967295,0,0
WalljumpL,1216,64,00076883,0,1,1,4294967295,0,0
WalljumpL,2944,288,00153730,0,1,1,4294967295,0,0
WalljumpL,2944,256,00291D00,0,1,1,4294967295,0,0
WalljumpL,2944,224,0008CB2B,0,1,1,4294967295,0,0
WalljumpL,2944,160,001EC74F,0,1,1,4294967295,0,0
WalljumpL,2944,192,0010D8B8,0,1,1,4294967295,0,0
WalljumpL,2944,128,0030DF56,0,1,1,4294967295,0,0
WalljumpL,2944,96,001F955D,0,1,1,4294967295,0,0
WalljumpL,2944,64,000FEC72,0,1,1,4294967295,0,0
WalljumpR,3076,384,0012E07E,0,1,1,4294967295,0,0
WalljumpR,3076,352,0038D0A7,0,1,1,4294967295,0,0
WalljumpR,3076,320,0005B366,0,1,1,4294967295,0,0
WalljumpR,3076,288,003923F6,0,1,1,4294967295,0,0
WalljumpR,3076,256,0023C249,0,1,1,4294967295,0,0
WalljumpR,3744,352,0019C50A,0,1,1,4294967295,0,0
WalljumpR,3744,320,00132249,0,1,1,4294967295,0,0
WalljumpR,3744,288,0004D977,0,1,1,4294967295,0,0
WalljumpR,3744,256,0013E12C,0,1,1,4294967295,0,0
WalljumpR,3584,288,00354E26,0,1,1,4294967295,0,0
WalljumpR,3584,320,00244E8C,0,1,1,4294967295,0,0
WalljumpR,3584,256,0004E097,0,1,1,4294967295,0,0
WalljumpL,3456,192,0035095B,0,1,1,4294967295,0,0
WalljumpL,3456,256,003BB3FA,0,1,1,4294967295,0,0
WalljumpL,3456,288,001B5760,0,1,1,4294967295,0,0
WalljumpL,3456,320,00400F85,0,1,1,4294967295,0,0
WalljumpL,3616,256,00228F5B,0,1,1,4294967295,0,0
WalljumpL,3616,288,0008519F,0,1,1,4294967295,0,0
WalljumpL,3616,320,00053B15,0,1,1,4294967295,0,0
WalljumpL,3616,352,003753A7,0,1,1,4294967295,0,0
WalljumpL,3616,384,0018194D,0,1,1,4294967295,0,0
WalljumpL,3680,256,0038B4D3,0,1,1,4294967295,0,0
WalljumpL,3680,224,002637EA,0,1,1,4294967295,0,0
WalljumpL,4640,352,0030C1D6,0,1,1,4294967295,0,0
WalljumpL,4640,320,001CCC95,0,1,1,4294967295,0,0
WalljumpL,4640,288,0032F101,0,1,1,4294967295,0,0
WalljumpL,4640,256,003F9F6A,0,1,1,4294967295,0,0
WalljumpL,4640,224,00239185,0,1,1,4294967295,0,0
WalljumpR,4768,416,00215A5A,0,1,1,4294967295,0,0
WalljumpR,4768,384,00297592,0,1,1,4294967295,0,0
WalljumpR,4768,352,00348112,0,1,1,4294967295,0,0
WalljumpR,4768,320,00386ADA,0,1,1,4294967295,0,0
WalljumpR,4768,256,003AFC55,0,1,1,4294967295,0,0
WalljumpR,4768,288,002BA9E9,0,1,1,4294967295,0,0
WalljumpR,4768,224,003E27DA,0,1,1,4294967295,0,0
WalljumpR,6048,160,0019F203,0,1,1,4294967295,0,0
WalljumpR,6048,128,0035852F,0,1,1,4294967295,0,0
WalljumpL,5824,352,002EAE2D,0,1,1,4294967295,0,0
WalljumpL,5824,320,0032DEA2,0,1,1,4294967295,0,0
WalljumpL,5824,288,0027FCCF,0,1,1,4294967295,0,0
WalljumpL,3456,224,00093EF9,0,1,1,4294967295,0,0
WalljumpL,1376,192,000417F1,0,1,1,4294967295,0,0
WalljumpR,1376,192,003495F7,0,1,1,4294967295,0,0
WalljumpL,2944,448,00278AF1,0,1,1,4294967295,0,0
WalljumpL,2944,399,000E4F7E,0,1,1,4294967295,0,0
WalljumpL,2944,416,000689B1,0,1,1,4294967295,0,0
WalljumpL,4864,640,00277DD6,0,1,1,4294967295,0,0
WalljumpL,4864,672,0023BFE3,0,1,1,4294967295,0,0
WalljumpL,4864,704,0017B3D5,0,1,1,4294967295,0,0
WalljumpL,4864,736,001071FE,0,1,1,4294967295,0,0
WalljumpL,4864,768,00260A14,0,1,1,4294967295,0,0
WalljumpL,4864,800,003B396A,0,1,1,4294967295,0,0
WalljumpL,5088,800,0033E23A,0,1,1,4294967295,0,0
WalljumpL,5088,768,0027C1FF,0,1,1,4294967295,0,0
WalljumpL,5088,736,00336EE5,0,1,1,4294967295,0,0
WalljumpL,5088,704,0029AA88,0,1,1,4294967295,0,0
WalljumpL,5088,832,001AC231,0,1,1,4294967295,0,0
WalljumpL,5088,864,00127C9F,0,1,1,4294967295,0,0
WalljumpL,5088,896,000081F4,0,1,1,4294967295,0,0
WalljumpL,5088,928,002E8BC6,0,1,1,4294967295,0,0
WalljumpL,5088,960,00272DC7,0,1,1,4294967295,0,0
WalljumpL,5088,992,001DAB70,0,1,1,4294967295,0,0
WalljumpL,5088,1024,00278D94,0,1,1,4294967295,0,0
WalljumpL,4864,960,003C717B,0,1,1,4294967295,0,0
WalljumpL,4864,992,0002B11D,0,1,1,4294967295,0,0
WalljumpL,4864,1024,002A76C3,0,1,1,4294967295,0,0
WalljumpL,4864,1056,000CB588,0,1,1,4294967295,0,0
WalljumpL,4864,1088,00331B8F,0,1,1,4294967295,0,0
WalljumpL,4864,1120,00041C5F,0,1,1,4294967295,0,0
WalljumpL,4864,1152,002BE8EB,0,1,1,4294967295,0,0
WalljumpL,4864,1184,002E9EEE,0,1,1,4294967295,0,0
WalljumpL,4864,1216,003230BC,0,1,1,4294967295,0,0
WalljumpL,4864,1248,0006130D,0,1,1,4294967295,0,0
WalljumpL,4864,1280,000A1511,0,1,1,4294967295,0,0
WalljumpR,5056,1280,0030A3A8,0,1,1,4294967295,0,0
WalljumpR,5056,1248,0022A954,0,1,1,4294967295,0,0
WalljumpR,5056,1216,00157983,0,1,1,4294967295,0,0
WalljumpR,5056,1184,00330FDF,0,1,1,4294967295,0,0
WalljumpR,5056,1152,0009D743,0,1,1,4294967295,0,0
WalljumpR,5056,1120,0027CC3C,0,1,1,4294967295,0,0
WalljumpR,5056,1088,001F94A8,0,1,1,4294967295,0,0
WalljumpR,5056,1056,002DBF3E,0,1,1,4294967295,0,0
WalljumpR,5056,1024,00070C40,0,1,1,4294967295,0,0
WalljumpR,5056,992,0034C747,0,1,1,4294967295,0,0
WalljumpR,5056,960,001C8450,0,1,1,4294967295,0,0
WalljumpR,5056,928,001AFEDA,0,1,1,4294967295,0,0
WalljumpR,5056,800,00236C5D,0,1,1,4294967295,0,0
WalljumpR,5056,768,00175A1A,0,1,1,4294967295,0,0
WalljumpR,5056,736,00004D87,0,1,1,4294967295,0,0
WalljumpR,5056,704,001675A1,0,1,1,4294967295,0,0
WalljumpR,5216,736,000C1FA9,0,1,1,4294967295,0,0
WalljumpR,5216,768,0016B658,0,1,1,4294967295,0,0
WalljumpR,5216,800,000E227B,0,1,1,4294967295,0,0
WalljumpR,5216,832,0000F0EE,0,1,1,4294967295,0,0
WalljumpR,5216,864,00327141,0,1,1,4294967295,0,0
WalljumpR,5216,896,00134497,0,1,1,4294967295,0,0
WalljumpR,5216,928,003769ED,0,1,1,4294967295,0,0
WalljumpL,4864,928,000BA6DB,0,1,1,4294967295,0,0
WalljumpL,4864,1536,001B2FD3,0,1,1,4294967295,0,0
WalljumpL,4896,1632,0029A925,0,1,1,4294967295,0,0
WalljumpL,4864,1664,00032ED4,0,1,1,4294967295,0,0
WalljumpL,4864,1696,00294DDC,0,1,1,4294967295,0,0
WalljumpL,4992,1568,00354D7F,0,1,1,4294967295,0,0
WalljumpL,4992,1536,002504FC,0,1,1,4294967295,0,0
WalljumpL,5056,1472,000A2326,0,1,1,4294967295,0,0
WalljumpL,5088,1644,001DF571,0,1,1,4294967295,0,0
WalljumpL,5088,1676,0002B55A,0,1,1,4294967295,0,0
WalljumpR,5153,1536,00221AAD,0,1,1,4294967295,0,0
WalljumpR,5153,1568,001CBA55,0,1,1,4294967295,0,0
WalljumpR,5152,1376,0034A7B0,0,1,1,4294967295,0,0
WalljumpR,4992,1568,003EE47F,0,1,1,4294967295,0,0
WalljumpR,4992,1536,000FBF23,0,1,1,4294967295,0,0
WalljumpR,5088,1676,0004FC7E,0,1,1,4294967295,0,0
WalljumpR,5088,1644,002F209F,0,1,1,4294967295,0,0
WalljumpL,2944,480,002C6AFE,0,1,1,4294967295,0,0
WalljumpL,2944,512,000DD287,0,1,1,4294967295,0,0
WalljumpL,2944,544,001BF80C,0,1,1,4294967295,0,0
movingPlatform,6208,320,001AB2A0,0,1,1,4294967295,0,1
movingPlatform,6048,344,00178B85,0,1,1,4294967295,0,1
movingPlatform,5952,256,0038240D,0,1,1,4294967295,0,1
deliciousFruit,4345,427,003C301B,0,1,1,4294967295,0,1
deliciousFruit,4393,428,003E3951,0,1,1,4294967295,0,1
deliciousFruit,4489,428,0016FA5A,0,1,1,4294967295,0,1
deliciousFruit,4553,460,003CAAF7,0,1,1,4294967295,0,1
deliciousFruit,4585,428,002F8208,0,1,1,4294967295,0,1
deliciousFruit,4137,437,002822B0,0,1,1,4294967295,0,0
deliciousFruit,4137,489,00337C87,0,1,1,4294967295,0,0
deliciousFruit,3689,492,002DAFF9,0,1,1,4294967295,0,0
deliciousFruit,3561,492,0001BC88,0,1,1,4294967295,0,0
deliciousFruit,3434,492,00374C40,0,1,1,4294967295,0,0
deliciousFruit,3273,460,002762E9,0,1,1,4294967295,0,0
deliciousFruit,3145,460,000C18F1,0,1,1,4294967295,0,0
deliciousFruit,3113,443,0032E2BA,0,1,1,4294967295,0,0
deliciousFruit,3113,492,003FB6B7,0,1,1,4294967295,0,0
deliciousFruit,2505,428,003A9290,0,1,1,4294967295,0,0
deliciousFruit,2537,460,001B254D,0,1,1,4294967295,0,0
deliciousFruit,2537,492,001231A7,0,1,1,4294967295,0,0
deliciousFruit,2205,492,00075832,0,1,1,4294967295,0,0
deliciousFruit,2165,460,000A8BD7,0,1,1,4294967295,0,0
deliciousFruit,2121,428,001A8050,0,1,1,4294967295,0,0
deliciousFruit,2077,492,00237749,0,1,1,4294967295,0,0
deliciousFruit,2013,428,002066A7,0,1,1,4294967295,0,0
deliciousFruit,1997,459,0026E966,0,1,1,4294967295,0,0
cameraHard,960,32,0018AAB2,0,1,1,4294967295,0,0
tetrisController,32,32,003065DA,0,1,1,4294967295,0,0
FallingSpike,5888,128,0034D819,0,1,1,4294967295,0,0
FallingSpike,6080,128,002E4876,0,1,1,4294967295,0,0
FunnySpikeMan,5024,1760,0019A60D,0,1,1,4294967295,0,0
secret5,6346,230,0008B51D,0,1,1,4294967295,0,0
FallingSpike10frame,1472,32,003025AB,0,1,1,4294967295,0,0
warp,5248,1824,00362D29,0,1,1,4294967295,0,1
musicChanger,384,32,0022A0D5,0,1,1,4294967295,0,1
SoftlockBlocker,1152,480,00390957,0,1,1,4294967295,0,0
SoftlockBlocker,1152,512,0039CC7D,0,1,1,4294967295,0,0
SoftlockBlocker,1152,544,000ACF31,0,1,1,4294967295,0,0
JumpRefresher,1840,464,32322351,0,1,1,4294967295,0,0
JumpRefresher,5456,544,EE553781,0,1,1,4294967295,0,0
playerStart,240,32,0008EEB4,0,1,1,4294967295,0,0
trigger,1888,0,0010A9AC,0,1,1,4294967295,0,1
trigger,1088,364,00082391,0,1,1,4294967295,0,1
trigger,5916,128,002E2947,0,1,1,4294967295,0,1
trigger,6080,128,0034A085,0,1,1,4294967295,0,1
trigger,5159,352,00290D4D,0,1,1,4294967295,0,1
trigger,5216,320,00256D4E,0,1,1,4294967295,0,1
trigger,1447,32,00043279,0,1,1,4294967295,0,1
trigger,4896,1600,00121707,0,1,1,4294967295,0,1
trigger,4320,414,001FDD6A,0,1,1,4294967295,0,1
trigger,4384,414,00086EF1,0,1,1,4294967295,0,1
trigger,4457,414,00371BF8,0,1,1,4294967295,0,1
trigger,4515,414,000811BF,0,1,1,4294967295,0,1
trigger,4594,416,0017FD97,0,1,1,4294967295,0,1
trigger,5240,960,003FA2B7,0,1,1,4294967295,0,1
