tileMaster,5248,512,224,96,32,32,0,1,1,4294967295
tileMaster,5280,512,224,96,32,32,0,1,1,4294967295
tileMaster,5312,512,224,96,32,32,0,1,1,4294967295
tileMaster,1600,512,224,96,32,32,0,1,1,4294967295
tileMaster,1632,512,224,96,32,32,0,1,1,4294967295
tileMaster,1664,512,224,96,32,32,0,1,1,4294967295
tileMaster,2048,512,224,96,32,32,0,1,1,4294967295
tileMaster,2720,512,224,96,32,32,0,1,1,4294967295
tileMaster,2752,512,224,96,32,32,0,1,1,4294967295
tileMaster,2784,512,224,96,32,32,0,1,1,4294967295
tileMaster,5696,512,224,96,32,32,0,1,1,4294967295
tileMaster,6080,512,224,96,32,32,0,1,1,4294967295
tileMaster,6464,512,224,96,32,32,0,1,1,4294967295
tileMaster,6848,512,224,96,32,32,0,1,1,4294967295
tileMaster,7232,512,224,96,32,32,0,1,1,4294967295
tileMaster,7616,512,224,96,32,32,0,1,1,4294967295
tileMaster,8032,512,224,96,32,32,0,1,1,4294967295
tileMaster,8064,512,224,96,32,32,0,1,1,4294967295
tileMaster,8096,512,224,96,32,32,0,1,1,4294967295
