tileMaster,608,576,224,224,192,64,0,1,1,4294967295
tileMaster,304,576,224,224,192,64,0,1,1,4294967295
tileMaster,0,576,224,224,192,64,0,1,1,4294967295
tileMaster,1109,31,832,448,192,192,0,1,1,4294967295
tileMaster,896,608,352,160,128,32,0,1,1,4294967295
tileMaster,864,576,352,160,128,32,0,1,1,4294967295
tileMaster,832,544,352,160,128,32,0,1,1,4294967295
tileMaster,800,512,352,160,128,32,0,1,1,4294967295
tileMaster,0,64,224,224,192,64,0,1,1,4294967295
tileMaster,304,64,224,224,192,64,0,1,1,4294967295
tileMaster,608,64,224,224,192,64,0,1,1,4294967295
tileMaster,1408,992,704,96,64,32,0,1,1,4294967295
tileMaster,1408,960,704,64,64,32,0,1,1,4294967295
tileMaster,1408,928,704,64,64,32,0,1,1,4294967295
tileMaster,1408,800,704,0,192,64,0,1,1,4294967295
tileMaster,1472,864,768,128,128,32,0,1,1,4294967295
tileMaster,1408,864,704,64,64,32,0,1,1,4294967295
tileMaster,1408,896,704,64,64,32,0,1,1,4294967295
