CastlevaniaSkybox,1120,608,001A1567,0,1,1,4294967295,0,0
saveVeryHard,1440,928,002DEC79,0,1,1,4294967295,0,0
saveHard,96,480,003F7996,0,1,1,4294967295,0,0
saveMedium,736,384,00261925,0,1,1,4294967295,0,0
WitchShadow,1088,160,00262E57,0,1,1,4294967295,0,0
spikeUp,1216,416,00018C7D,0,1,1,4294967295,0,0
spikeUp,160,512,001F2200,0,1,1,4294967295,0,1
spikeUp,192,512,003C14E9,0,1,1,4294967295,0,1
spikeUp,224,512,0016580B,0,1,1,4294967295,0,1
spikeUp,256,512,0022FCB8,0,1,1,4294967295,0,1
spikeUp,288,416,00048611,0,1,1,4294967295,0,1
spikeUp,320,512,0004C72D,0,1,1,4294967295,0,1
spikeUp,352,512,002107DA,0,1,1,4294967295,0,1
spikeUp,384,512,0034B8D1,0,1,1,4294967295,0,1
spikeUp,448,512,000C90EE,0,1,1,4294967295,0,1
spikeUp,480,416,000297B0,0,1,1,4294967295,0,1
spikeUp,512,512,0006E8E1,0,1,1,4294967295,0,1
spikeUp,544,512,003AC374,0,1,1,4294967295,0,1
spikeUp,576,512,003583A3,0,1,1,4294967295,0,1
spikeUp,608,512,00304B96,0,1,1,4294967295,0,1
spikeUp,672,512,002FD1D4,0,1,1,4294967295,0,1
spikeUp,704,512,003122B4,0,1,1,4294967295,0,1
spikeUp,416,320,002EC4DC,0,1,1,4294967295,0,1
spikeUp,480,288,003E089E,0,1,1,4294967295,0,1
spikeUp,512,288,000641F0,0,1,1,4294967295,0,1
spikeUp,544,288,003B17B7,0,1,1,4294967295,0,1
spikeUp,352,260,0010BCF0,0,1,1,4294967295,0,1
spikeUp,160,512,0021409C,0,1,1,4294967295,0,0
spikeRight,928,480,003254B5,0,1,1,4294967295,0,0
spikeRight,928,448,0018D779,0,1,1,4294967295,0,0
spikeRight,928,416,00384C23,0,1,1,4294967295,0,0
spikeRight,928,384,001AD355,0,1,1,4294967295,0,0
spikeDown,1332,382,002187D7,0,1,1,4294967295,0,0
decoKumo3,768,1136,00395F36,0,1,1,4294967295,0,0
block,768,608,0024B621,0,1,19,4294967295,0,0
block,128,480,00300A52,0,1,2,4294967295,0,0
block,192,224,00362C62,0,1,7,4294967295,0,0
block,416,192,003F1A03,0,13,1,4294967295,0,0
block,640,224,0020BFF1,0,1,5,4294967295,0,0
block,800,224,002EF4F3,0,1,1,4294967295,0,0
block,800,256,000732E4,0,4,1,4294967295,0,0
block,800,288,003B768C,0,2,2,4294967295,0,0
block,896,0,00395579,0,1,8,4294967295,0,0
block,896,384,000BF0EB,0,1,3,4294967295,0,0
block,736,480,000F3A9D,0,6,1,4294967295,0,0
block,736,512,0006B21A,0,1,1,4294967295,0,0
block,640,448,0035B462,0,1,3,4294967295,0,0
block,480,448,0037AD9D,0,1,3,4294967295,0,0
block,416,352,0017711F,0,1,6,4294967295,0,0
block,288,448,002A159B,0,1,3,4294967295,0,0
blockMini,1008,624,000C1D62,0,1,1,4294967295,0,0
blockMini,896,608,003BDF0D,0,1,1,4294967295,0,0
blockMini,880,592,00104232,0,1,1,4294967295,0,0
blockMini,864,576,00390355,0,1,1,4294967295,0,0
blockMini,976,592,0019CACB,0,1,1,4294967295,0,0
blockMini,960,576,00004CFF,0,1,1,4294967295,0,0
blockMini,944,560,003F58AA,0,1,1,4294967295,0,0
blockMini,928,544,003ED3D2,0,1,1,4294967295,0,0
blockMini,912,528,003EB729,0,1,1,4294967295,0,0
blockMini,896,512,0019FF76,0,1,1,4294967295,0,0
blockMini,1232,944,000D5B40,0,1,1,4294967295,0,0
blockMini,1248,960,00086D54,0,1,1,4294967295,0,0
blockMini,1264,976,00253608,0,1,1,4294967295,0,0
blockMini,1280,992,002DEC5E,0,1,1,4294967295,0,0
blockMini,1296,1008,00352FA4,0,1,1,4294967295,0,0
blockMini,1392,1008,00255627,0,1,1,4294967295,0,0
blockMini,1376,992,00269628,0,1,1,4294967295,0,0
blockMini,1360,976,0030BAD2,0,1,1,4294967295,0,0
blockMini,1344,960,00061F90,0,1,1,4294967295,0,0
blockMini,1328,944,00403527,0,1,1,4294967295,0,0
blockMini,1312,928,000F6865,0,1,1,4294967295,0,0
blockMini,1232,928,001EB5C2,0,1,1,4294967295,0,0
blockMini,1216,928,000C1E78,0,1,1,4294967295,0,0
blockMini,1296,1056,001670E9,0,1,1,4294967295,0,0
blockMini,1312,1072,001D51C3,0,1,1,4294967295,0,0
blockMini,1376,1088,00076BEC,0,1,1,4294967295,0,0
blockMini,1392,1104,0013719B,0,1,1,4294967295,0,0
blockMini,1408,1120,00123681,0,1,1,4294967295,0,0
blockMini,1424,1136,0028E3A1,0,1,1,4294967295,0,0
block,1280,1024,003FCAB8,0,1,1,4294967295,0,0
block,1408,1024,002F43D6,0,7,1,4294967295,0,0
block,1328,1056,002FD750,0,2,1,4294967295,0,0
block,1120,1056,001A8F70,0,1,1,4294967295,0,0
block,928,960,00275FD4,0,1,1,4294967295,0,0
block,928,832,0021DD9B,0,1,1,4294967295,0,0
block,864,704,0030547B,0,1,1,4294967295,0,0
block,1216,448,002E77C4,0,1,1,4294967295,0,0
block,1312,416,003D0909,0,1,1,4294967295,0,0
block,1408,768,0039CDAB,0,7,1,4294967295,0,0
block,1408,448,00219E49,0,1,10,4294967295,0,0
block,1360,416,00042736,0,2,1,4294967295,0,0
block,1360,384,0037C24B,0,1,1,4294967295,0,0
block,1328,352,0014FA7C,0,2,1,4294967295,0,0
block,1328,96,002D268E,0,1,8,4294967295,0,0
block,1302,80,00360123,0,1,1,4294967295,0,0
block,1328,48,001A8FCB,0,9,1,4294967295,0,0
block,1600,-16,001D4E7F,0,1,2,4294967295,0,0
blockMini,1308,64,00397F71,0,1,1,4294967295,0,0
blockMini,1312,336,0023ACEA,0,1,1,4294967295,0,0
blockMini,1308,336,003460DA,0,1,1,4294967295,0,0
block,352,288,00335F89,0,1,1,4294967295,0,0
block,480,320,0039376E,0,3,1,4294967295,0,0
block,544,352,001E080C,0,1,2,4294967295,0,0
block,1440,1152,0011B27B,0,1,2,4294967295,0,0
block,1248,928,002D590E,0,2,1,4294967295,0,0
block,912,608,00089933,0,3,1,4294967295,0,0
block,288,160,0000DC46,0,5,1,4294967295,0,0
block,768,576,00213F80,0,3,1,4294967295,0,0
block,-32,192,00260C0A,0,11,1,4294967295,0,0
block,-32,544,0040091D,0,25,1,4294967295,0,0
blockMini,880,576,00365F82,0,1,1,4294967295,0,0
blockMini,896,592,0036AD4F,0,1,1,4294967295,0,0
blockMini,960,592,003F3433,0,1,1,4294967295,0,0
blockMini,944,576,00050C94,0,1,1,4294967295,0,0
blockMini,928,560,0019B574,0,1,1,4294967295,0,0
blockMini,912,544,003A3930,0,1,1,4294967295,0,0
blockMini,896,528,00235083,0,1,1,4294967295,0,0
blockMini,1264,960,002C7499,0,1,1,4294967295,0,0
blockMini,1280,976,00021664,0,1,1,4294967295,0,0
blockMini,1296,992,000BA844,0,1,1,4294967295,0,0
blockMini,1312,1056,00382BE0,0,1,1,4294967295,0,0
blockMini,1312,944,003D754F,0,1,1,4294967295,0,0
blockMini,1328,960,00072EFF,0,1,1,4294967295,0,0
blockMini,1344,976,0005D744,0,1,1,4294967295,0,0
blockMini,1360,992,0028C870,0,1,1,4294967295,0,0
blockMini,1376,1008,0003F548,0,1,1,4294967295,0,0
blockMini,1392,1024,0015B91F,0,1,1,4294967295,0,0
blockMini,1392,1088,0029AFE6,0,1,1,4294967295,0,0
blockMini,1408,1104,000E1984,0,1,1,4294967295,0,0
blockMini,1424,1120,0012492F,0,1,1,4294967295,0,0
blockMini,1440,1136,00218A99,0,1,1,4294967295,0,0
block,896,-32,0024AFB8,0,22,1,4294967295,0,0
blockMini,1318,48,00035610,0,1,1,4294967295,0,0
blockMini,1312,56,000CBDD0,0,1,1,4294967295,0,0
blockMini,1314,52,000F74DA,0,1,1,4294967295,0,0
blockMini,1316,50,0027C071,0,1,1,4294967295,0,0
blockMini,1310,60,002A682A,0,1,1,4294967295,0,0
blockMini,1306,68,001DB137,0,1,1,4294967295,0,0
blockMini,1304,72,00395557,0,1,1,4294967295,0,0
blockMini,1302,74,0025F3D9,0,1,1,4294967295,0,0
movingPlatform,864,288,0015FAE1,0,1,1,4294967295,0,1
FallStair,960,672,000EB81C,0,1,1,4294967295,0,0
movingPlatform,1373,490,002F186F,0,1,1,4294967295,0,1
movingPlatform,416,288,003D00D8,0,1,1,4294967295,0,1
movingPlatform,576,480,00234FDD,0,1,1,4294967295,0,1
movingPlatform,480,384,00227917,0,1,1,4294967295,0,1
movingPlatform,448,381,00275451,0,1,1,4294967295,0,1
movingPlatform,544,483,0000E989,0,1,1,4294967295,0,1
movingPlatform,448,284,00001C0F,0,1,1,4294967295,0,1
movingPlatform,320,288,00155854,0,1,1,4294967295,0,1
movingPlatform,288,292,003153EA,0,1,1,4294967295,0,1
movingPlatform,160,480,000D7906,0,1,1,4294967295,0,1
movingPlatform,192,484,002F7069,0,1,1,4294967295,0,1
cameraHard,1088,608,000A9304,0,1,1,4294967295,0,0
MedusaMaker,1568,-32,001D5B6E,0,1,1,4294967295,0,1
MedusaHead,864,848,0009E776,0,1,1,4294967295,0,0
MedusaMaker,768,608,0010CDC4,0,1,1,4294967295,0,1
MedusaModifier,800,0,00161E9B,0,1,1,4294967295,0,0
warp,1600,800,003D6E52,0,1,1,4294967295,0,1
Witch,737,294,00391A16,0,1,1,4294967295,0,0
blockNise,1332,284,00082140,0,1,1,4294967295,0,0
blockNise,1116,135,002A6F26,0,1,1,4294967295,0,0
blockNise,1119,144,0036849D,0,1,1,4294967295,0,0
blockNise,1153,144,002A7BFB,0,1,1,4294967295,0,0
blockNise,1255,144,002DCBDA,0,1,1,4294967295,0,0
blockNise,1258,138,0011A285,0,1,1,4294967295,0,0
blockNise,1261,132,002C3078,0,1,1,4294967295,0,0
blockNise,1113,129,001BCDA7,0,1,1,4294967295,0,0
blockNise,1187,144,00073CEF,0,1,1,4294967295,0,0
blockNise,1221,144,00149B90,0,1,1,4294967295,0,0
warp,-32,224,0034C527,0,1,1,4294967295,0,1
SpikeUpExtend,896,352,003F5543,0,1,1,4294967295,0,0
JumpRefresher,1024,992,27891D1C,0,1,1,4294967295,0,0
playerStart,1504,992,000B1B46,0,1,1,4294967295,0,0
blockKill,768,1216,001D39D8,0,22,1,4294967295,0,0
trigger,992,192,001BC114,0,1,1,4294967295,0,1
trigger,896,320,0031918F,0,1,1,4294967295,0,1
trigger,864,352,002D7670,0,1,1,4294967295,0,1
