bgBroccoli,2436,1019,0,0,111,175,0,1,1,4294967295
bgBroccoli,2646,1013,0,0,111,175,0,1,1,4294967295
bgBroccoli,2928,1019,0,0,111,175,0,1,1,4294967295
bgBroccoli,3087,1009,0,0,111,175,0,1,1,4294967295
tileMaster,1760,1248,32,256,32,32,0,1,1,4294967295
tileMaster,1760,1280,32,256,32,32,0,1,1,4294967295
tileMaster,1760,1312,32,256,32,32,0,1,1,4294967295
tileMaster,1760,1344,32,256,32,32,0,1,1,4294967295
tileMaster,1760,1376,32,256,32,32,0,1,1,4294967295
tileMaster,1760,1408,32,256,32,32,0,1,1,4294967295
tileMaster,1760,1440,32,256,32,32,0,1,1,4294967295
tileMaster,1760,1472,32,256,32,32,0,1,1,4294967295
tileMaster,1760,1504,32,256,32,32,0,1,1,4294967295
tileMaster,1760,1536,32,256,32,32,0,1,1,4294967295
tileMaster,1760,1568,32,256,32,32,0,1,1,4294967295
tileMaster,1760,1600,32,256,32,32,0,1,1,4294967295
tileMaster,1760,1632,32,256,32,32,0,1,1,4294967295
tileMaster,1760,1664,32,256,32,32,0,1,1,4294967295
tileMaster,1760,1696,32,256,32,32,0,1,1,4294967295
tileMaster,1760,1728,32,256,32,32,0,1,1,4294967295
tileMaster,1760,1760,32,256,32,32,0,1,1,4294967295
tileMaster,1984,1248,32,256,32,32,0,1,1,4294967295
tileMaster,1984,1280,32,256,32,32,0,1,1,4294967295
tileMaster,1984,1312,32,256,32,32,0,1,1,4294967295
tileMaster,1984,1344,32,256,32,32,0,1,1,4294967295
tileMaster,1984,1376,32,256,32,32,0,1,1,4294967295
tileMaster,1984,1408,32,256,32,32,0,1,1,4294967295
tileMaster,1984,1440,32,256,32,32,0,1,1,4294967295
tileMaster,1984,1472,32,256,32,32,0,1,1,4294967295
tileMaster,1984,1504,32,256,32,32,0,1,1,4294967295
tileMaster,1984,1536,32,256,32,32,0,1,1,4294967295
tileMaster,1984,1568,32,256,32,32,0,1,1,4294967295
tileMaster,1984,1600,32,256,32,32,0,1,1,4294967295
tileMaster,1984,1632,32,256,32,32,0,1,1,4294967295
tileMaster,1984,1664,32,256,32,32,0,1,1,4294967295
tileMaster,1984,1696,32,256,32,32,0,1,1,4294967295
tileMaster,1984,1728,32,256,32,32,0,1,1,4294967295
tileMaster,1984,1760,32,256,32,32,0,1,1,4294967295
tileMaster,2208,1248,32,256,32,32,0,1,1,4294967295
tileMaster,2208,1280,32,256,32,32,0,1,1,4294967295
tileMaster,2208,1312,32,256,32,32,0,1,1,4294967295
tileMaster,2208,1344,32,256,32,32,0,1,1,4294967295
tileMaster,2208,1376,32,256,32,32,0,1,1,4294967295
tileMaster,2208,1408,32,256,32,32,0,1,1,4294967295
tileMaster,2208,1440,32,256,32,32,0,1,1,4294967295
tileMaster,2208,1472,32,256,32,32,0,1,1,4294967295
tileMaster,2208,1504,32,256,32,32,0,1,1,4294967295
tileMaster,2208,1536,32,256,32,32,0,1,1,4294967295
tileMaster,2208,1568,32,256,32,32,0,1,1,4294967295
tileMaster,2208,1600,32,256,32,32,0,1,1,4294967295
tileMaster,2208,1632,32,256,32,32,0,1,1,4294967295
tileMaster,2208,1664,32,256,32,32,0,1,1,4294967295
tileMaster,2208,1696,32,256,32,32,0,1,1,4294967295
tileMaster,2208,1728,32,256,32,32,0,1,1,4294967295
tileMaster,2208,1760,32,256,32,32,0,1,1,4294967295
tileMaster,3200,2016,320,96,32,64,0,1,1,4294967295
tileMaster,3232,2016,320,96,32,64,0,1,1,4294967295
tileMaster,3264,2016,320,96,32,64,0,1,1,4294967295
tileMaster,3296,2016,320,96,32,64,0,1,1,4294967295
tileMaster,3328,2016,320,96,32,64,0,1,1,4294967295
tileMaster,3360,2016,320,96,32,64,0,1,1,4294967295
tileMaster,3392,2016,320,96,32,64,0,1,1,4294967295
tileMaster,3424,2016,320,96,32,64,0,1,1,4294967295
tileMaster,3456,2016,320,96,32,64,0,1,1,4294967295
tileMaster,3488,2016,320,96,32,64,0,1,1,4294967295
tileMaster,3520,2016,320,96,32,64,0,1,1,4294967295
tileMaster,3552,2016,320,96,32,64,0,1,1,4294967295
tileMaster,3584,2016,320,96,32,64,0,1,1,4294967295
tileMaster,3616,2016,320,96,32,64,0,1,1,4294967295
tileMaster,3648,2016,320,96,32,64,0,1,1,4294967295
tileMaster,3680,2016,320,96,32,64,0,1,1,4294967295
tileMaster,3712,2016,320,96,32,64,0,1,1,4294967295
tileMaster,3744,2016,320,96,32,64,0,1,1,4294967295
tileMaster,3776,2016,320,96,32,64,0,1,1,4294967295
tileMaster,3808,2016,320,96,32,64,0,1,1,4294967295
tileMaster,3840,2016,320,96,32,64,0,1,1,4294967295
tileMaster,3872,2016,320,96,32,64,0,1,1,4294967295
tileMaster,3904,2016,320,96,32,64,0,1,1,4294967295
tileMaster,3936,2016,320,96,32,64,0,1,1,4294967295
tileMaster,3968,2016,320,96,32,64,0,1,1,4294967295
tileMaster,3200,2080,288,96,32,32,0,1,1,4294967295
tileMaster,3200,2112,288,96,32,32,0,1,1,4294967295
tileMaster,3232,2112,288,96,32,32,0,1,1,4294967295
tileMaster,3232,2080,288,96,32,32,0,1,1,4294967295
tileMaster,3264,2080,288,96,32,32,0,1,1,4294967295
tileMaster,3264,2112,288,96,32,32,0,1,1,4294967295
tileMaster,3296,2080,288,96,32,32,0,1,1,4294967295
tileMaster,3296,2112,288,96,32,32,0,1,1,4294967295
tileMaster,3328,2112,288,96,32,32,0,1,1,4294967295
tileMaster,3328,2080,288,96,32,32,0,1,1,4294967295
tileMaster,3360,2080,288,96,32,32,0,1,1,4294967295
tileMaster,3360,2112,288,96,32,32,0,1,1,4294967295
tileMaster,3392,2080,288,96,32,32,0,1,1,4294967295
tileMaster,3424,2080,288,96,32,32,0,1,1,4294967295
tileMaster,3456,2080,288,96,32,32,0,1,1,4294967295
tileMaster,3488,2080,288,96,32,32,0,1,1,4294967295
tileMaster,3520,2080,288,96,32,32,0,1,1,4294967295
tileMaster,3552,2080,288,96,32,32,0,1,1,4294967295
tileMaster,3584,2080,288,96,32,32,0,1,1,4294967295
tileMaster,3616,2080,288,96,32,32,0,1,1,4294967295
tileMaster,3648,2080,288,96,32,32,0,1,1,4294967295
tileMaster,3680,2080,288,96,32,32,0,1,1,4294967295
tileMaster,3712,2080,288,96,32,32,0,1,1,4294967295
tileMaster,3744,2080,288,96,32,32,0,1,1,4294967295
tileMaster,3776,2080,288,96,32,32,0,1,1,4294967295
tileMaster,3808,2080,288,96,32,32,0,1,1,4294967295
tileMaster,3840,2080,288,96,32,32,0,1,1,4294967295
tileMaster,3872,2080,288,96,32,32,0,1,1,4294967295
tileMaster,3904,2080,288,96,32,32,0,1,1,4294967295
tileMaster,3936,2080,288,96,32,32,0,1,1,4294967295
tileMaster,3968,2080,288,96,32,32,0,1,1,4294967295
tileMaster,3968,2112,288,96,32,32,0,1,1,4294967295
tileMaster,3936,2112,288,96,32,32,0,1,1,4294967295
tileMaster,3904,2112,288,96,32,32,0,1,1,4294967295
tileMaster,3872,2112,288,96,32,32,0,1,1,4294967295
tileMaster,3840,2112,288,96,32,32,0,1,1,4294967295
tileMaster,3808,2112,288,96,32,32,0,1,1,4294967295
tileMaster,3776,2112,288,96,32,32,0,1,1,4294967295
tileMaster,3744,2112,288,96,32,32,0,1,1,4294967295
tileMaster,3712,2112,288,96,32,32,0,1,1,4294967295
tileMaster,3680,2112,288,96,32,32,0,1,1,4294967295
tileMaster,3648,2112,288,96,32,32,0,1,1,4294967295
tileMaster,3616,2112,288,96,32,32,0,1,1,4294967295
tileMaster,3584,2112,288,96,32,32,0,1,1,4294967295
tileMaster,3552,2112,288,96,32,32,0,1,1,4294967295
tileMaster,3520,2112,288,96,32,32,0,1,1,4294967295
tileMaster,3488,2112,288,96,32,32,0,1,1,4294967295
tileMaster,3456,2112,288,96,32,32,0,1,1,4294967295
tileMaster,3424,2112,288,96,32,32,0,1,1,4294967295
tileMaster,3392,2112,288,96,32,32,0,1,1,4294967295
tileMaster,3200,2176,320,160,32,64,0,1,1,4294967295
tileMaster,3232,2176,320,160,32,64,0,1,1,4294967295
tileMaster,3264,2176,320,160,32,64,0,1,1,4294967295
tileMaster,3296,2176,320,160,32,64,0,1,1,4294967295
tileMaster,3328,2176,320,160,32,64,0,1,1,4294967295
tileMaster,3360,2176,320,160,32,64,0,1,1,4294967295
tileMaster,3392,2176,320,160,32,64,0,1,1,4294967295
tileMaster,3424,2176,320,160,32,64,0,1,1,4294967295
tileMaster,3456,2176,320,160,32,64,0,1,1,4294967295
tileMaster,3488,2176,320,160,32,64,0,1,1,4294967295
tileMaster,3520,2176,320,160,32,64,0,1,1,4294967295
tileMaster,3552,2176,320,160,32,64,0,1,1,4294967295
tileMaster,3584,2176,320,160,32,64,0,1,1,4294967295
tileMaster,3616,2176,320,160,32,64,0,1,1,4294967295
tileMaster,3648,2176,320,160,32,64,0,1,1,4294967295
tileMaster,3680,2176,320,160,32,64,0,1,1,4294967295
tileMaster,3712,2176,320,160,32,64,0,1,1,4294967295
tileMaster,3744,2176,320,160,32,64,0,1,1,4294967295
tileMaster,3776,2176,320,160,32,64,0,1,1,4294967295
tileMaster,3808,2176,320,160,32,64,0,1,1,4294967295
tileMaster,3840,2176,320,160,32,64,0,1,1,4294967295
tileMaster,3872,2176,320,160,32,64,0,1,1,4294967295
tileMaster,3904,2176,320,160,32,64,0,1,1,4294967295
tileMaster,3936,2176,320,160,32,64,0,1,1,4294967295
tileMaster,3968,2176,320,160,32,64,0,1,1,4294967295
tileMaster,3200,2144,288,96,32,32,0,1,1,4294967295
tileMaster,3232,2144,288,96,32,32,0,1,1,4294967295
tileMaster,3264,2144,288,96,32,32,0,1,1,4294967295
tileMaster,3296,2144,288,96,32,32,0,1,1,4294967295
tileMaster,3360,2144,288,96,32,32,0,1,1,4294967295
tileMaster,3392,2144,288,96,32,32,0,1,1,4294967295
tileMaster,3424,2144,288,96,32,32,0,1,1,4294967295
tileMaster,3456,2144,288,96,32,32,0,1,1,4294967295
tileMaster,3488,2144,288,96,32,32,0,1,1,4294967295
tileMaster,3520,2144,288,96,32,32,0,1,1,4294967295
tileMaster,3328,2144,288,96,32,32,0,1,1,4294967295
tileMaster,3552,2144,288,96,32,32,0,1,1,4294967295
tileMaster,3584,2144,288,96,32,32,0,1,1,4294967295
tileMaster,3616,2144,288,96,32,32,0,1,1,4294967295
tileMaster,3648,2144,288,96,32,32,0,1,1,4294967295
tileMaster,3680,2144,288,96,32,32,0,1,1,4294967295
tileMaster,3712,2144,288,96,32,32,0,1,1,4294967295
tileMaster,3744,2144,288,96,32,32,0,1,1,4294967295
tileMaster,3776,2144,288,96,32,32,0,1,1,4294967295
tileMaster,3808,2144,288,96,32,32,0,1,1,4294967295
tileMaster,3840,2144,288,96,32,32,0,1,1,4294967295
tileMaster,3872,2144,288,96,32,32,0,1,1,4294967295
tileMaster,3904,2144,288,96,32,32,0,1,1,4294967295
tileMaster,3936,2144,288,96,32,32,0,1,1,4294967295
tileMaster,3968,2144,288,96,32,32,0,1,1,4294967295
bgBroccoli,3366,1573,0,0,111,175,0,1,1,4294967295
