tileMaster,3968,160,64,96,32,32,0,1,1,4294967295
tileMaster,3968,192,64,96,32,32,0,1,1,4294967295
tileMaster,3968,224,64,96,32,32,0,1,1,4294967295
tileMaster,3968,384,64,96,32,32,0,1,1,4294967295
tileMaster,3968,416,64,96,32,32,0,1,1,4294967295
tileMaster,3968,448,64,96,32,32,0,1,1,4294967295
tileMaster,3968,480,64,96,32,32,0,1,1,4294967295
tileMaster,3968,512,64,96,32,32,0,1,1,4294967295
tileMaster,3968,544,64,96,32,32,0,1,1,4294967295
tileMaster,3968,576,64,96,32,32,0,1,1,4294967295
tileMaster,3200,160,64,96,32,32,0,1,1,4294967295
tileMaster,3200,192,64,96,32,32,0,1,1,4294967295
tileMaster,3200,224,64,96,32,32,0,1,1,4294967295
tileMaster,3200,320,64,64,32,32,0,1,1,4294967295
tileMaster,3968,320,64,64,32,32,0,1,1,4294967295
tileMaster,3968,352,64,96,32,32,0,1,1,4294967295
tileMaster,3200,352,64,96,32,32,0,1,1,4294967295
tileMaster,3200,384,64,96,32,32,0,1,1,4294967295
tileMaster,3200,416,64,96,32,32,0,1,1,4294967295
tileMaster,3200,448,64,96,32,32,0,1,1,4294967295
tileMaster,3200,480,64,96,32,32,0,1,1,4294967295
tileMaster,3200,512,64,96,32,32,0,1,1,4294967295
tileMaster,3200,544,64,96,32,32,0,1,1,4294967295
tileMaster,3200,576,64,96,32,32,0,1,1,4294967295
tileMaster,3200,128,64,96,32,32,0,1,1,4294967295
tileMaster,3968,128,64,96,32,32,0,1,1,4294967295
