GuySkybox,2432,1280,0009C1E2,0,1,1,4294967295,0,0
saveMedium,2496,928,0017C245,0,1,1,4294967295,0,0
saveVeryHard,2464,1248,00084608,0,1,1,4294967295,0,0
saveMedium,1600,256,0014D714,0,1,1,4294967295,0,0
saveVeryHard,3072,224,00338DE5,0,1,1,4294967295,0,0
saveHard,1792,768,001C8A06,0,1,1,4294967295,0,0
saveMedium,2432,1632,003B6848,0,1,1,4294967295,0,0
StaticEgg,1280,320,003D9431,0,1,1,4294967295,0,0
saveHard,3424,1632,003C9E23,0,1,1,4294967295,0,0
saveHard,1184,1536,001DB0A6,0,1,1,4294967295,0,0
GuyPlatform,2176,1328,0035EE3E,0,1,1,4294967295,0,0
GuyPlatform,2176,1456,003DD79F,0,1,1,4294967295,0,0
GuyPlatform,2176,1600,0028A98B,0,1,1,4294967295,0,0
GuyPlatform,2176,1728,00367E89,0,1,1,4294967295,0,0
GuyPlatform,1952,1600,001B2D23,0,1,1,4294967295,0,0
GuyPlatform,1952,1472,003E8011,0,1,1,4294967295,0,0
GuyPlatform,1952,1344,000F3BFA,0,1,1,4294967295,0,0
GuyPlatform,1728,1328,0007AD75,0,1,1,4294967295,0,0
GuyPlatform,1728,1456,001CAC58,0,1,1,4294967295,0,0
GuyPlatform,1728,1600,0020070E,0,1,1,4294967295,0,0
GuyPlatform,1728,1728,0015CAA2,0,1,1,4294967295,0,0
GuyPlatform,1952,1728,00076649,0,1,1,4294967295,0,0
spikeUp,2240,1152,001E6209,0,1,1,4294967295,0,0
spikeUp,2272,1152,003E8A90,0,1,1,4294967295,0,0
spikeUp,2304,1152,003B64B1,0,1,1,4294967295,0,0
spikeUp,2336,1152,00275630,0,1,1,4294967295,0,0
spikeUp,2176,1120,001913EB,0,1,1,4294967295,0,0
spikeUp,2208,1120,00261A19,0,1,1,4294967295,0,0
spikeUp,1984,1152,0021306A,0,1,1,4294967295,0,0
spikeUp,2016,1152,002CB7D9,0,1,1,4294967295,0,0
spikeUp,2048,1152,002CAEAB,0,1,1,4294967295,0,0
spikeUp,2080,1152,003BDFDC,0,1,1,4294967295,0,0
spikeUp,2112,1152,000C1581,0,1,1,4294967295,0,0
spikeUp,2144,1152,001F866F,0,1,1,4294967295,0,0
spikeUp,1952,1120,00254FCF,0,1,1,4294967295,0,0
spikeUp,1920,1088,00243691,0,1,1,4294967295,0,0
spikeUp,1888,1120,002744CB,0,1,1,4294967295,0,0
spikeUp,1664,1152,0006F956,0,1,1,4294967295,0,0
spikeUp,1728,1152,0007C565,0,1,1,4294967295,0,0
spikeUp,1792,1152,000B8740,0,1,1,4294967295,0,0
spikeUp,1824,1152,0024F908,0,1,1,4294967295,0,0
spikeUp,1856,1152,003BB6D4,0,1,1,4294967295,0,0
spikeUp,1632,1120,0006B4ED,0,1,1,4294967295,0,0
spikeUp,1696,1152,003BD17E,0,1,1,4294967295,0,0
spikeUp,1760,1152,002977F7,0,1,1,4294967295,0,0
spikeUp,1504,1184,00245243,0,1,1,4294967295,0,0
spikeUp,1536,1056,0013A293,0,1,1,4294967295,0,0
spikeUp,1472,1120,003F4385,0,1,1,4294967295,0,0
spikeUp,1440,1152,00383992,0,1,1,4294967295,0,0
spikeUp,1376,1088,00084BE9,0,1,1,4294967295,0,0
spikeUp,1344,1152,000FFADE,0,1,1,4294967295,0,0
spikeUp,1280,1152,0021BFC3,0,1,1,4294967295,0,0
spikeUp,1184,1184,00307F3E,0,1,1,4294967295,0,0
spikeUp,1216,1088,002A1779,0,1,1,4294967295,0,0
spikeUp,1248,1024,0030A4C4,0,1,1,4294967295,0,0
spikeUp,1152,1120,002C3F5B,0,1,1,4294967295,0,0
spikeUp,1120,1152,00343187,0,1,1,4294967295,0,0
spikeUp,864,1056,00328D67,0,1,1,4294967295,0,0
spikeUp,832,1088,00359519,0,1,1,4294967295,0,0
spikeUp,896,1120,000A1D36,0,1,1,4294967295,0,0
spikeUp,928,1120,00228668,0,1,1,4294967295,0,0
spikeUp,992,1120,0005FF8B,0,1,1,4294967295,0,0
spikeUp,1024,1056,002B6983,0,1,1,4294967295,0,0
spikeUp,832,1760,001A5D28,0,1,1,4294967295,0,0
spikeUp,864,1760,0023A805,0,1,1,4294967295,0,0
spikeUp,896,1760,0027DF43,0,1,1,4294967295,0,0
spikeUp,928,1760,0037414A,0,1,1,4294967295,0,0
spikeUp,960,1760,0036ADE6,0,1,1,4294967295,0,0
spikeUp,992,1760,000DE309,0,1,1,4294967295,0,0
spikeUp,1024,1760,00223CE0,0,1,1,4294967295,0,0
spikeUp,1056,1760,000078C9,0,1,1,4294967295,0,0
spikeUp,1088,1760,0013C374,0,1,1,4294967295,0,0
spikeUp,1120,1760,0001FFFF,0,1,1,4294967295,0,0
spikeUp,1152,1760,003E09A1,0,1,1,4294967295,0,0
spikeUp,1184,1760,001DF3C8,0,1,1,4294967295,0,0
spikeUp,1216,1760,0028D85B,0,1,1,4294967295,0,0
spikeUp,1248,1760,002772B1,0,1,1,4294967295,0,0
spikeUp,1280,1760,001BEE2A,0,1,1,4294967295,0,0
spikeUp,1312,1760,003406DF,0,1,1,4294967295,0,0
spikeUp,1344,1760,0019F82B,0,1,1,4294967295,0,0
spikeUp,1376,1760,0003E94F,0,1,1,4294967295,0,0
spikeUp,1408,1760,001B51E7,0,1,1,4294967295,0,0
spikeUp,1440,1760,000D0352,0,1,1,4294967295,0,0
spikeUp,1472,1760,003A4D53,0,1,1,4294967295,0,0
spikeUp,1504,1760,003C5C40,0,1,1,4294967295,0,0
spikeUp,1536,1760,00006036,0,1,1,4294967295,0,0
spikeUp,1632,1760,003B8F21,0,1,1,4294967295,0,0
spikeUp,1664,1760,003EDC74,0,1,1,4294967295,0,0
spikeUp,1696,1760,00132D46,0,1,1,4294967295,0,0
spikeUp,1728,1760,0025F492,0,1,1,4294967295,0,0
spikeUp,1760,1760,00276B45,0,1,1,4294967295,0,0
spikeUp,1792,1760,001633E8,0,1,1,4294967295,0,0
spikeUp,1824,1760,0018E29B,0,1,1,4294967295,0,0
spikeUp,1856,1760,000CA61A,0,1,1,4294967295,0,0
spikeUp,1888,1760,003F291F,0,1,1,4294967295,0,0
spikeUp,1920,1760,0020F9D7,0,1,1,4294967295,0,0
spikeUp,1952,1760,003F8C8F,0,1,1,4294967295,0,0
spikeUp,1984,1760,00348EF2,0,1,1,4294967295,0,0
spikeUp,2016,1760,000894CA,0,1,1,4294967295,0,0
spikeUp,2048,1760,00199290,0,1,1,4294967295,0,0
spikeUp,2080,1760,00237195,0,1,1,4294967295,0,0
spikeUp,2112,1760,0030EE28,0,1,1,4294967295,0,0
spikeUp,2144,1760,002BDF8B,0,1,1,4294967295,0,0
spikeUp,2176,1760,000DA5CB,0,1,1,4294967295,0,0
spikeUp,2208,1760,002270D9,0,1,1,4294967295,0,0
spikeUp,2240,1760,00048334,0,1,1,4294967295,0,0
spikeUp,2272,1760,00132C44,0,1,1,4294967295,0,0
spikeUp,2304,1760,0014CBE8,0,1,1,4294967295,0,0
spikeUp,2336,1760,0029A795,0,1,1,4294967295,0,0
spikeUp,2432,2368,00186AC5,0,1,1,4294967295,0,0
spikeUp,2464,2368,001B8409,0,1,1,4294967295,0,0
spikeUp,2496,2368,0004C86C,0,1,1,4294967295,0,0
spikeUp,2528,2368,0038CE95,0,1,1,4294967295,0,0
spikeUp,2560,2368,0034F044,0,1,1,4294967295,0,0
spikeUp,2592,2368,0010F893,0,1,1,4294967295,0,0
spikeUp,2624,2368,00338151,0,1,1,4294967295,0,0
spikeUp,2656,2368,00238F52,0,1,1,4294967295,0,0
spikeUp,2688,2368,00365E75,0,1,1,4294967295,0,0
spikeUp,2720,2368,000FC24E,0,1,1,4294967295,0,0
spikeUp,2752,2368,002231F7,0,1,1,4294967295,0,0
spikeUp,2784,2368,002D9D08,0,1,1,4294967295,0,0
spikeUp,2816,2368,00020A40,0,1,1,4294967295,0,0
spikeUp,2848,2368,00294DEB,0,1,1,4294967295,0,0
spikeUp,2880,2368,0006605D,0,1,1,4294967295,0,0
spikeUp,2912,2368,0029F50E,0,1,1,4294967295,0,0
spikeUp,2944,2368,001417D0,0,1,1,4294967295,0,0
spikeUp,2976,2368,00019159,0,1,1,4294967295,0,0
spikeUp,3008,2368,0029F9D5,0,1,1,4294967295,0,0
spikeUp,3040,2368,001B9D1E,0,1,1,4294967295,0,0
spikeUp,3072,2368,000A111B,0,1,1,4294967295,0,0
spikeUp,3104,2368,0029A146,0,1,1,4294967295,0,0
spikeUp,3136,2368,0033E56F,0,1,1,4294967295,0,0
spikeUp,3520,1536,002066A5,0,1,1,4294967295,0,0
spikeUp,960,1248,0026DD98,0,1,1,4294967295,0,0
spikeUp,992,1248,0004BB13,0,1,1,4294967295,0,0
spikeUp,1024,1248,003A24B7,0,1,1,4294967295,0,0
spikeUp,1056,1248,00011D0D,0,1,1,4294967295,0,0
spikeUp,1088,1248,0010B208,0,1,1,4294967295,0,0
spikeUp,1120,1248,002398AB,0,1,1,4294967295,0,0
spikeUp,1184,1248,00088403,0,1,1,4294967295,0,0
spikeUp,1216,1248,0013FD4D,0,1,1,4294967295,0,0
spikeUp,1248,1248,0025F3A8,0,1,1,4294967295,0,0
spikeUp,1280,1248,003F32A9,0,1,1,4294967295,0,0
spikeUp,1312,1248,001EC4EC,0,1,1,4294967295,0,0
spikeUp,1344,1248,0028CD38,0,1,1,4294967295,0,0
spikeUp,1376,1248,000A1144,0,1,1,4294967295,0,0
spikeUp,1408,1248,001E131B,0,1,1,4294967295,0,0
spikeUp,1152,1248,00309100,0,1,1,4294967295,0,0
spikeUp,32,1664,000D8A73,0,1,1,4294967295,0,0
spikeUp,64,1664,0027B8EB,0,1,1,4294967295,0,0
spikeUp,96,1664,0033AA32,0,1,1,4294967295,0,0
spikeUp,128,1664,000BA974,0,1,1,4294967295,0,0
spikeUp,160,1664,0004D98B,0,1,1,4294967295,0,0
spikeUp,192,1664,0028B9A5,0,1,1,4294967295,0,0
spikeUp,224,1696,001A8E99,0,1,1,4294967295,0,0
spikeUp,256,1696,00102C49,0,1,1,4294967295,0,0
spikeUp,288,1696,0017FEE2,0,1,1,4294967295,0,0
spikeUp,320,1728,0000D400,0,1,1,4294967295,0,0
spikeUp,448,1728,00227C4D,0,1,1,4294967295,0,0
spikeUp,480,1696,0038CEF7,0,1,1,4294967295,0,0
spikeUp,512,1696,000151A2,0,1,1,4294967295,0,0
spikeUp,544,1696,002EB98E,0,1,1,4294967295,0,0
spikeUp,576,1664,002EA492,0,1,1,4294967295,0,0
spikeUp,608,1664,0004A4A5,0,1,1,4294967295,0,0
spikeUp,640,1664,003AC476,0,1,1,4294967295,0,0
spikeUp,672,1664,0029127B,0,1,1,4294967295,0,0
spikeUp,704,1664,003C26E6,0,1,1,4294967295,0,0
spikeUp,736,1664,002269B1,0,1,1,4294967295,0,0
spikeUp,512,1376,0006DF8D,0,1,1,4294967295,0,0
spikeUp,256,1376,00042AD1,0,1,1,4294967295,0,0
spikeUp,3488,1696,00310D56,0,1,1,4294967295,0,0
spikeUp,4064,1728,0005D0B1,0,1,1,4294967295,0,0
spikeUp,4096,1728,0027C2B0,0,1,1,4294967295,0,0
spikeUp,4128,1728,00217FBF,0,1,1,4294967295,0,0
spikeUp,4160,1728,0028241A,0,1,1,4294967295,0,0
spikeUp,4192,1728,002F9CDF,0,1,1,4294967295,0,0
spikeUp,4224,1728,0033F65B,0,1,1,4294967295,0,0
spikeUp,4256,1728,00117757,0,1,1,4294967295,0,0
spikeUp,4288,1728,003B90FE,0,1,1,4294967295,0,0
spikeUp,4320,1728,002D85F6,0,1,1,4294967295,0,0
spikeUp,4352,1728,001EBC43,0,1,1,4294967295,0,0
spikeUp,4384,1728,00222441,0,1,1,4294967295,0,0
spikeUp,1600,416,002187A6,0,1,1,4294967295,0,0
spikeUp,1632,417,0039B693,0,1,1,4294967295,0,0
spikeUp,1721,376,00084509,0,1,1,4294967295,0,0
spikeUp,1721,461,001BF42B,0,1,1,4294967295,0,0
spikeUp,1824,256,003FEFFD,0,1,1,4294967295,0,0
spikeUp,2016,256,0021D1DB,0,1,1,4294967295,0,0
spikeUp,2134,160,0002A967,0,1,1,4294967295,0,0
spikeUp,2166,315,0008B4BA,0,1,1,4294967295,0,0
spikeUp,2592,160,00257530,0,1,1,4294967295,0,0
spikeUp,2880,256,0039D153,0,1,1,4294967295,0,0
spikeUp,2944,256,0006E8E8,0,1,1,4294967295,0,0
spikeUp,2752,224,0028BE78,0,1,1,4294967295,0,0
spikeUp,2816,372,0031717B,0,1,1,4294967295,0,0
spikeDown,256,1472,00250911,0,1,1,4294967295,0,0
spikeDown,512,1472,0024FA87,0,1,1,4294967295,0,0
spikeDown,32,1248,000D3BA1,0,1,1,4294967295,0,0
spikeDown,64,1248,0036CBC4,0,1,1,4294967295,0,0
spikeDown,96,1248,00197F54,0,1,1,4294967295,0,0
spikeDown,128,1248,0008EEA1,0,1,1,4294967295,0,0
spikeDown,160,1248,00223699,0,1,1,4294967295,0,0
spikeDown,192,1248,00024063,0,1,1,4294967295,0,0
spikeDown,224,1248,00077A21,0,1,1,4294967295,0,0
spikeDown,256,1248,00028FFE,0,1,1,4294967295,0,0
spikeDown,288,1248,003960B3,0,1,1,4294967295,0,0
spikeDown,320,1248,00355850,0,1,1,4294967295,0,0
spikeDown,352,1248,00282D62,0,1,1,4294967295,0,0
spikeDown,416,1248,000692A1,0,1,1,4294967295,0,0
spikeDown,448,1248,00020EFF,0,1,1,4294967295,0,0
spikeDown,480,1248,00356E39,0,1,1,4294967295,0,0
spikeDown,512,1248,003F85C7,0,1,1,4294967295,0,0
spikeDown,544,1248,00384858,0,1,1,4294967295,0,0
spikeDown,576,1248,0023FCA3,0,1,1,4294967295,0,0
spikeDown,608,1248,0009663E,0,1,1,4294967295,0,0
spikeDown,640,1248,0032FFFD,0,1,1,4294967295,0,0
spikeDown,704,1248,00139D11,0,1,1,4294967295,0,0
spikeDown,1632,1248,003FA743,0,1,1,4294967295,0,0
spikeDown,1664,1248,00023F78,0,1,1,4294967295,0,0
spikeDown,1696,1248,00228368,0,1,1,4294967295,0,0
spikeDown,1728,1248,0026BE68,0,1,1,4294967295,0,0
spikeDown,1760,1248,00325F66,0,1,1,4294967295,0,0
spikeDown,1792,1248,0023AE1B,0,1,1,4294967295,0,0
spikeDown,1824,1248,00023F39,0,1,1,4294967295,0,0
spikeDown,1856,1248,000F68A1,0,1,1,4294967295,0,0
spikeDown,1888,1248,00402E34,0,1,1,4294967295,0,0
spikeDown,1920,1248,001098B6,0,1,1,4294967295,0,0
spikeDown,2048,1248,00060126,0,1,1,4294967295,0,0
spikeDown,2080,1248,000F045A,0,1,1,4294967295,0,0
spikeDown,2112,1248,001A8669,0,1,1,4294967295,0,0
spikeDown,2144,1248,000F1D2E,0,1,1,4294967295,0,0
spikeDown,2208,1248,003B32A2,0,1,1,4294967295,0,0
spikeDown,2240,1248,0009B2F7,0,1,1,4294967295,0,0
spikeDown,2272,1248,000E6C51,0,1,1,4294967295,0,0
spikeRight,2432,1824,0003A0BD,0,1,1,4294967295,0,0
spikeRight,2432,1856,000140A9,0,1,1,4294967295,0,0
spikeRight,2432,1888,001FF504,0,1,1,4294967295,0,0
spikeRight,2432,1920,002C6BD6,0,1,1,4294967295,0,0
spikeRight,2432,1952,001A0FB3,0,1,1,4294967295,0,0
spikeRight,2432,1984,00228180,0,1,1,4294967295,0,0
spikeRight,2432,2016,001AD04C,0,1,1,4294967295,0,0
spikeRight,2432,2048,0014553B,0,1,1,4294967295,0,0
spikeRight,2432,2080,001CF413,0,1,1,4294967295,0,0
spikeRight,2432,2112,001442AA,0,1,1,4294967295,0,0
spikeRight,2432,2144,00384EEA,0,1,1,4294967295,0,0
spikeRight,2432,2208,001C8D70,0,1,1,4294967295,0,0
spikeRight,2432,2240,0010453D,0,1,1,4294967295,0,0
spikeRight,2432,2272,0007C5D2,0,1,1,4294967295,0,0
spikeRight,2432,2304,002FD19C,0,1,1,4294967295,0,0
spikeRight,2432,2336,0017C696,0,1,1,4294967295,0,0
spikeLeft,3104,2016,0030DA4E,0,1,1,4294967295,0,0
spikeLeft,3136,2048,0032B320,0,1,1,4294967295,0,0
spikeLeft,3136,2080,001D511D,0,1,1,4294967295,0,0
spikeLeft,3136,2112,0014FD19,0,1,1,4294967295,0,0
spikeLeft,3136,2144,000B28FD,0,1,1,4294967295,0,0
spikeLeft,3136,2176,00111448,0,1,1,4294967295,0,0
spikeLeft,3136,2208,000AE50B,0,1,1,4294967295,0,0
spikeLeft,3136,2240,003D88DD,0,1,1,4294967295,0,0
spikeLeft,3136,2272,00303FF4,0,1,1,4294967295,0,0
spikeLeft,3136,2304,0032B616,0,1,1,4294967295,0,0
spikeLeft,3136,2336,0025DA16,0,1,1,4294967295,0,0
spikeLeft,3136,1824,00088008,0,1,1,4294967295,0,0
spikeLeft,3136,1856,0014CA01,0,1,1,4294967295,0,0
spikeLeft,3136,1888,002BCB51,0,1,1,4294967295,0,0
spikeLeft,3136,1920,0038C7A8,0,1,1,4294967295,0,0
spikeRight,1856,768,000E1740,0,1,1,4294967295,0,0
spikeRight,1856,800,0005EFB6,0,1,1,4294967295,0,0
spikeDown,1824,832,00202479,0,1,1,4294967295,0,0
spikeDown,1792,832,0017834C,0,1,1,4294967295,0,0
spikeDown,1760,864,000AD137,0,1,1,4294967295,0,0
spikeDown,1664,896,001F3191,0,1,1,4294967295,0,0
spikeDown,1696,960,00218A83,0,1,1,4294967295,0,0
spikeDown,1728,960,00371520,0,1,1,4294967295,0,0
spikeRight,1664,544,000138CA,0,1,1,4294967295,0,0
spikeRight,1632,512,0008716F,0,1,1,4294967295,0,0
spikeRight,1754,493,003361E5,0,1,1,4294967295,0,0
spikeRight,1754,407,003A3487,0,1,1,4294967295,0,0
spikeRight,1853,288,002C58E9,0,1,1,4294967295,0,0
spikeRight,2045,288,000FCFE4,0,1,1,4294967295,0,0
spikeRight,2166,192,001199F7,0,1,1,4294967295,0,0
spikeRight,2198,347,001275A7,0,1,1,4294967295,0,0
spikeRight,1664,450,000A41D2,0,1,1,4294967295,0,0
spikeRight,1646,378,003E9912,0,1,1,4294967295,0,0
spikeLeft,2720,320,002B83AC,0,1,1,4294967295,0,0
spikeLeft,2720,288,001D2498,0,1,1,4294967295,0,0
spikeLeft,2720,256,0019A102,0,1,1,4294967295,0,0
spikeLeft,2134,347,001F46FB,0,1,1,4294967295,0,0
spikeLeft,1987,288,000D5B48,0,1,1,4294967295,0,0
spikeLeft,1795,288,0036C8A4,0,1,1,4294967295,0,0
spikeLeft,1690,407,002A975E,0,1,1,4294967295,0,0
spikeLeft,1691,493,0038BB6E,0,1,1,4294967295,0,0
spikeDown,1696,352,000E06A5,0,1,1,4294967295,0,0
spikeDown,1722,439,0012E127,0,1,1,4294967295,0,0
spikeDown,1722,523,00003445,0,1,1,4294967295,0,0
spikeDown,1824,320,000BE56A,0,1,1,4294967295,0,0
spikeDown,2016,320,00192A8C,0,1,1,4294967295,0,0
spikeDown,2166,379,00322323,0,1,1,4294967295,0,0
spikeDown,2134,224,00071845,0,1,1,4294967295,0,0
spikeLeft,2102,192,003F5FBF,0,1,1,4294967295,0,0
spikeDown,2592,224,00098E8A,0,1,1,4294967295,0,0
spikeDown,2816,160,001E7C38,0,1,1,4294967295,0,0
spikeDown,2912,160,00361B9D,0,1,1,4294967295,0,0
spikeLeft,2336,1056,00222D5D,0,1,1,4294967295,0,0
spikeLeft,2336,960,00111FEE,0,1,1,4294967295,0,0
SnifitCannon,112,1488,002ED56D,0,1,1,4294967295,0,0
spikeDown,1952,1248,000338E8,0,1,1,4294967295,0,0
spikeDown,1984,1248,00133AC5,0,1,1,4294967295,0,0
spikeDown,2016,1248,003C8601,0,1,1,4294967295,0,0
spikeDown,2176,1248,001612AE,0,1,1,4294967295,0,0
RevealingSpikesUp,1600,1440,002488D2,0,1,1,4294967295,0,0
RevealingSpikesUp,1632,1440,0016ECD0,0,1,1,4294967295,0,0
spikeDown,672,1248,00328904,0,1,1,4294967295,0,0
decoStar,1632,192,001EDDFB,0,1,1,4294967295,0,0
decoStar,1760,192,001D9E3E,0,1,1,4294967295,0,0
decoStar,1792,224,0003C57B,0,1,1,4294967295,0,0
decoStar,1888,160,001F578C,0,1,1,4294967295,0,0
decoStar,1920,224,0039D4B6,0,1,1,4294967295,0,0
decoStar,1952,192,0039E1FB,0,1,1,4294967295,0,0
decoStar,2080,160,0037F15F,0,1,1,4294967295,0,0
decoStar,2176,160,000794A3,0,1,1,4294967295,0,0
decoStar,2208,128,001CB56A,0,1,1,4294967295,0,0
decoStar,2240,192,001223BE,0,1,1,4294967295,0,0
decoStar,2272,160,0017ACA9,0,1,1,4294967295,0,0
decoStar,2272,224,00150C56,0,1,1,4294967295,0,0
decoStar,2336,192,003D52A9,0,1,1,4294967295,0,0
decoStar,2496,192,001B9E19,0,1,1,4294967295,0,0
decoStar,2560,288,002E05A0,0,1,1,4294967295,0,0
decoStar,2688,256,003A3B91,0,1,1,4294967295,0,0
decoStar,2784,192,003F7D9F,0,1,1,4294967295,0,0
decoStar,2880,192,00007534,0,1,1,4294967295,0,0
decoStar,2976,224,000A2DF9,0,1,1,4294967295,0,0
decoStar,3008,160,001CB70D,0,1,1,4294967295,0,0
decoStar,3072,288,0006B24B,0,1,1,4294967295,0,0
decoStar,3296,224,001FCA1B,0,1,1,4294967295,0,0
decoStar,3488,160,00158A11,0,1,1,4294967295,0,0
decoStar,3552,256,00064733,0,1,1,4294967295,0,0
decoStar,3776,224,0022DBC7,0,1,1,4294967295,0,0
decoStar,3904,160,00158E41,0,1,1,4294967295,0,0
decoStar,4288,96,001D627B,0,1,1,4294967295,0,0
decoStar,4480,128,0028B536,0,1,1,4294967295,0,0
decoStar,4512,256,00218EE4,0,1,1,4294967295,0,0
decoStar,4608,320,00077DD2,0,1,1,4294967295,0,0
decoStar,4768,416,0029764E,0,1,1,4294967295,0,0
decoStar,4544,448,001561F8,0,1,1,4294967295,0,0
decoStar,4384,352,0024BAB6,0,1,1,4294967295,0,0
decoStar,4288,288,00393E65,0,1,1,4294967295,0,0
decoStar,4128,320,003EA9C0,0,1,1,4294967295,0,0
decoStar,4160,480,0019896A,0,1,1,4294967295,0,0
decoStar,4416,512,00238E73,0,1,1,4294967295,0,0
decoStar,32,416,00402239,0,1,1,4294967295,0,0
decoStar,256,384,0001E14A,0,1,1,4294967295,0,0
decoStar,160,320,00396EAB,0,1,1,4294967295,0,0
decoStar,128,160,001432FC,0,1,1,4294967295,0,0
decoStar,256,192,004040D4,0,1,1,4294967295,0,0
decoStar,416,224,00000271,0,1,1,4294967295,0,0
decoStar,288,128,001D259E,0,1,1,4294967295,0,0
decoStar,64,64,000845A0,0,1,1,4294967295,0,0
decoStar,480,128,00256001,0,1,1,4294967295,0,0
decoStar,576,160,0029252B,0,1,1,4294967295,0,0
decoStar,672,96,000E1CA5,0,1,1,4294967295,0,0
decoStar,736,32,0016EAAB,0,1,1,4294967295,0,0
decoStar,640,320,002258D9,0,1,1,4294967295,0,0
decoStar,544,384,0027276C,0,1,1,4294967295,0,0
decoStar,704,416,00313EFC,0,1,1,4294967295,0,0
decoStar,416,352,003FA7DF,0,1,1,4294967295,0,0
TysonStar,3712,192,000B45E0,0,1,1,4294967295,0,0
block,2592,1184,00403A57,0,16,1,4294967295,0,0
block,2688,928,0020C1A0,0,2,1,4294967295,0,0
block,2784,928,001C3F9D,0,1,1,4294967295,0,0
block,2944,928,00358397,0,2,1,4294967295,0,0
block,3040,960,0017BF79,0,2,1,4294967295,0,0
block,3136,992,000CC374,0,3,1,4294967295,0,0
block,3168,608,0000F7B5,0,26,1,4294967295,0,0
block,3168,640,002227F1,0,2,11,4294967295,0,0
block,3168,1024,00022129,0,2,1,4294967295,0,0
block,3168,1056,002B4A91,0,6,1,4294967295,0,0
block,3168,1088,0032233A,0,1,1,4294967295,0,0
block,3072,1152,001551F5,0,2,1,4294967295,0,0
block,3104,1120,0022B13B,0,3,1,4294967295,0,0
block,3104,1312,003F69D6,0,3,1,4294967295,0,0
block,3168,1248,0007F8B0,0,1,2,4294967295,0,0
block,3168,1344,001E9654,0,1,2,4294967295,0,0
block,3168,1408,001315E8,0,3,1,4294967295,0,0
block,2592,1440,0010D469,0,20,1,4294967295,0,0
block,3104,1568,00012C14,0,7,1,4294967295,0,0
block,2336,1440,000348FD,0,5,1,4294967295,0,0
block,2368,1472,001FA465,0,2,3,4294967295,0,0
block,2368,1568,0029D64A,0,20,1,4294967295,0,0
block,2368,1600,001CECD2,0,2,3,4294967295,0,0
block,2368,1696,00345CDF,0,4,1,4294967295,0,0
block,2368,1728,00042697,0,2,2,4294967295,0,0
block,2592,1696,0017ABCD,0,20,1,4294967295,0,0
block,3168,1728,0004DC8C,0,1,2,4294967295,0,0
block,3168,1792,0018170F,0,27,1,4294967295,0,0
block,3168,1824,002D19D3,0,1,4,4294967295,0,0
block,3104,1984,0039CDF2,0,2,1,4294967295,0,0
block,3136,2016,000B7ECD,0,2,1,4294967295,0,0
block,3168,2048,0002E908,0,1,11,4294967295,0,0
block,2400,1824,0029B474,0,1,18,4294967295,0,0
block,2592,1216,003A9938,0,19,1,4294967295,0,0
block,2368,1312,0034F378,0,20,1,4294967295,0,0
block,2368,1280,00135C7D,0,2,1,4294967295,0,0
block,2336,1248,001E9ABE,0,3,1,4294967295,0,0
block,1600,1248,00103F8B,0,1,3,4294967295,0,0
block,1536,1344,0015C978,0,3,1,4294967295,0,0
block,1536,1312,0021E607,0,1,1,4294967295,0,0
block,1120,1632,00288197,0,5,1,4294967295,0,0
block,1440,1600,003EB553,0,1,1,4294967295,0,0
block,1440,1568,0033B5B5,0,6,1,4294967295,0,0
block,1504,1600,0006ECB4,0,1,1,4294967295,0,0
block,1504,1472,003652B8,0,1,1,4294967295,0,0
block,1504,1440,00263475,0,5,1,4294967295,0,0
block,1568,1600,0010BB9F,0,2,3,4294967295,0,0
block,1344,1696,003EF34D,0,9,1,4294967295,0,0
block,1568,1728,000538B1,0,2,2,4294967295,0,0
block,800,1728,003FC898,0,1,2,4294967295,0,0
block,864,1600,00352C80,0,1,1,4294967295,0,0
block,928,1600,000596DE,0,1,1,4294967295,0,0
block,864,1472,00284D5D,0,1,1,4294967295,0,0
block,736,1440,00294482,0,5,1,4294967295,0,0
block,768,1472,00308FA9,0,2,3,4294967295,0,0
block,768,1568,002C82C1,0,6,1,4294967295,0,0
block,768,1600,001F790E,0,2,3,4294967295,0,0
block,576,1696,002943BC,0,15,1,4294967295,0,0
block,480,1728,0014A487,0,4,1,4294967295,0,0
block,448,1760,002ED281,0,2,1,4294967295,0,0
block,448,1792,002E9B57,0,1,2,4294967295,0,0
block,320,1792,0011D671,0,1,2,4294967295,0,0
block,0,1664,003827D0,0,1,1,4294967295,0,0
block,64,1536,00122DED,0,2,1,4294967295,0,0
block,0,1248,00158A03,0,1,10,4294967295,0,0
block,256,1408,0014B3A5,0,1,2,4294967295,0,0
block,512,1408,003650D6,0,1,2,4294967295,0,0
block,832,1312,00200BB0,0,1,1,4294967295,0,0
block,768,1344,000B490E,0,3,1,4294967295,0,0
block,768,1248,00212FE8,0,1,3,4294967295,0,0
block,1120,1216,002E5D0A,0,6,1,4294967295,0,0
block,1440,1216,0002816C,0,4,1,4294967295,0,0
block,1440,1248,00044F66,0,1,1,4294967295,0,0
block,3360,1664,0031FE1F,0,1,1,4294967295,0,0
block,3456,1632,0001A2E1,0,1,3,4294967295,0,0
block,3552,1760,002B406C,0,1,1,4294967295,0,0
block,3648,1760,0017BBD0,0,1,1,4294967295,0,0
block,3648,1728,00173EBC,0,3,1,4294967295,0,0
block,3712,1696,002E3739,0,11,1,4294967295,0,0
block,3712,1632,000E43BA,0,2,2,4294967295,0,0
block,3712,1504,0002EEAD,0,1,4,4294967295,0,0
block,3520,1568,00213F9D,0,2,1,4294967295,0,0
block,3968,1664,003D9CD2,0,2,1,4294967295,0,0
block,800,608,002447F3,0,1,4,4294967295,0,0
block,640,864,0000CE31,0,8,1,4294967295,0,0
block,704,896,003E7A02,0,2,1,4294967295,0,0
block,736,928,0005F847,0,1,1,4294967295,0,0
block,736,960,00346068,0,3,1,4294967295,0,0
block,768,992,000903A3,0,2,2,4294967295,0,0
block,800,928,001126C4,0,1,1,4294967295,0,0
block,800,1056,001A6F21,0,1,2,4294967295,0,0
block,800,1120,000EFC51,0,3,1,4294967295,0,0
block,800,1152,002F5417,0,1,2,4294967295,0,0
block,864,1088,00074569,0,1,1,4294967295,0,0
block,928,1184,001777CC,0,1,3,4294967295,0,0
block,992,1152,001E4002,0,2,3,4294967295,0,0
block,1024,1088,002C4440,0,1,2,4294967295,0,0
block,1120,1184,000D19A4,0,2,1,4294967295,0,0
block,1152,1152,000BBDAD,0,1,1,4294967295,0,0
block,1216,1120,0016BE49,0,2,2,4294967295,0,0
block,1216,1184,00224BD5,0,3,1,4294967295,0,0
block,1248,1056,0022CC90,0,1,2,4294967295,0,0
block,1344,1184,002BF8CA,0,2,2,4294967295,0,0
block,1376,1120,00088436,0,1,2,4294967295,0,0
block,1440,1184,002F64E6,0,2,1,4294967295,0,0
block,1472,1152,0030E673,0,1,1,4294967295,0,0
block,1600,1120,002A86A4,0,1,1,4294967295,0,0
block,1536,1088,0013AE0B,0,3,1,4294967295,0,0
block,1536,1120,0031BE43,0,1,3,4294967295,0,0
block,1536,832,00036944,0,3,2,4294967295,0,0
block,1568,896,003F3B03,0,2,6,4294967295,0,0
block,1664,864,000CAE5A,0,3,1,4294967295,0,0
block,1696,896,003C68E4,0,2,2,4294967295,0,0
block,1824,768,002F50C6,0,1,1,4294967295,0,0
block,1728,768,001FE20F,0,1,1,4294967295,0,0
block,1728,800,00294DD9,0,4,1,4294967295,0,0
block,1728,832,001A4EB4,0,2,1,4294967295,0,0
block,1888,1152,00059B65,0,3,1,4294967295,0,0
block,1920,1120,0014DEB4,0,1,1,4294967295,0,0
block,2176,1152,0038B8A6,0,2,1,4294967295,0,0
block,2368,928,0001522A,0,2,2,4294967295,0,0
block,2368,992,0018250D,0,5,1,4294967295,0,0
block,2368,1024,003C999B,0,3,1,4294967295,0,0
block,2368,1056,002CA704,0,2,4,4294967295,0,0
block,1568,1472,003A0F77,0,2,3,4294967295,0,0
block,1600,480,0031DD3A,0,1,2,4294967295,0,0
block,1600,448,003B5ADE,0,2,1,4294967295,0,0
block,1696,320,0023A586,0,1,1,4294967295,0,0
block,1824,288,0028396F,0,1,1,4294967295,0,0
block,2016,288,00274B77,0,1,1,4294967295,0,0
block,2304,320,001CB027,0,6,1,4294967295,0,0
block,2368,352,000120FE,0,3,1,4294967295,0,0
block,2368,384,003BF86A,0,2,7,4294967295,0,0
block,2368,128,003BDEEF,0,2,5,4294967295,0,0
block,2592,192,0038DB76,0,1,1,4294967295,0,0
block,2816,128,00226DDB,0,1,1,4294967295,0,0
block,2912,128,001EF5EA,0,1,1,4294967295,0,0
block,2752,256,0010B41F,0,1,3,4294967295,0,0
block,2880,288,0006528D,0,1,1,4294967295,0,0
block,2944,288,00032E46,0,1,1,4294967295,0,0
block,3072,192,003F0030,0,3,1,4294967295,0,0
block,3136,224,003BBAC4,0,3,1,4294967295,0,0
block,3104,320,0034B593,0,4,1,4294967295,0,0
block,3168,352,00193AC6,0,2,8,4294967295,0,0
block,4096,192,0015DCF0,0,1,4,4294967295,0,0
block,4064,160,001A2D87,0,2,1,4294967295,0,0
block,4096,128,0027F5A2,0,2,1,4294967295,0,0
block,3968,224,003BD00B,0,3,1,4294967295,0,0
block,3968,320,00287571,0,5,1,4294967295,0,0
block,3968,352,0012159C,0,3,1,4294967295,0,0
block,3968,384,00015A07,0,2,1,4294967295,0,0
block,3968,416,0032475B,0,1,5,4294967295,0,0
block,3968,575,0017F2D3,0,1,1,4294967295,0,0
block,2816,404,00327E73,0,1,1,4294967295,0,0
block,2167,347,0011F09B,0,1,1,4294967295,0,0
block,2132,192,002F1729,0,1,1,4294967295,0,0
block,1722,492,0018FD6C,0,1,1,4294967295,0,0
block,1723,408,000A8F55,0,1,1,4294967295,0,0
block,1615,378,00216C1F,0,1,1,4294967295,0,0
block,800,576,003CAF5C,0,25,1,4294967295,0,0
block,3232,1280,0001F295,0,1,4,4294967295,0,0
block,800,0,002530BF,0,1,18,4294967295,0,0
block,1568,0,001EB077,0,1,14,4294967295,0,0
block,2368,0,00005509,0,23,1,4294967295,0,0
block,2368,32,001C7824,0,2,2,4294967295,0,0
block,2368,96,000AA5CE,0,3,1,4294967295,0,0
block,3200,0,003428C4,0,1,7,4294967295,0,0
block,3072,32,0037B3F0,0,1,5,4294967295,0,0
block,2816,96,002E39CA,0,1,1,4294967295,0,1
block,3968,0,000FB577,0,2,7,4294967295,0,0
block,4800,0,003DE288,0,1,38,4294967295,0,0
block,-32,0,0018831B,0,1,38,4294967295,0,0
block,4416,1696,00102A44,0,2,1,4294967295,0,0
block,4416,1728,001C32F5,0,1,1,4294967295,0,0
block,4032,1728,00079179,0,1,1,4294967295,0,0
block,4448,1664,001EB633,0,4,1,4294967295,0,0
block,4544,1632,0034B9A5,0,3,1,4294967295,0,0
block,4672,1632,000FE512,0,4,1,4294967295,0,0
blockTrapDestructible,3968,1632,00262C5B,0,1,1,4294967295,0,0
blockTrapDestructible,4000,1632,00117F80,0,1,1,4294967295,0,0
blockTrapDestructible,4032,1664,0016EAF4,0,1,1,4294967295,0,0
blockTrapDestructible,4032,1632,0033B615,0,1,1,4294967295,0,0
blockTrapDestructible,4032,1600,000FB8E6,0,1,1,4294967295,0,0
blockTrapDestructible,4032,1536,00029856,0,1,1,4294967295,0,0
blockTrapDestructible,4032,1568,000D837C,0,1,1,4294967295,0,0
blockTrapDestructible,4128,1568,0015D68B,0,1,1,4294967295,0,0
blockTrapDestructible,4160,1568,001110A2,0,1,1,4294967295,0,0
blockTrapDestructible,4032,1440,003B3977,0,1,1,4294967295,0,0
blockTrapDestructible,4128,1344,00314337,0,1,1,4294967295,0,0
blockTrapDestructible,4160,1344,000E1B24,0,1,1,4294967295,0,0
blockTrapDestructible,4256,1664,00381BE3,0,1,1,4294967295,0,0
blockTrapDestructible,4288,1664,0024C308,0,1,1,4294967295,0,0
blockTrapDestructible,4416,1664,003C007F,0,1,1,4294967295,0,0
blockTrapDestructible,4448,1632,003744BD,0,1,1,4294967295,0,0
blockTrapDestructible,4480,1632,001124C3,0,1,1,4294967295,0,0
blockTrapDestructible,4512,1632,0015990E,0,1,1,4294967295,0,0
blockTrapDestructible,4544,1600,003A1788,0,1,1,4294967295,0,0
blockTrapDestructible,4576,1600,00157D53,0,1,1,4294967295,0,0
blockTrapDestructible,4608,1600,000803F9,0,1,1,4294967295,0,0
blockTrapDestructible,4640,1600,003A1B47,0,1,1,4294967295,0,0
blockTrapDestructible,4672,1600,0018D6B5,0,1,1,4294967295,0,0
blockTrapDestructible,4704,1600,000E9295,0,1,1,4294967295,0,0
blockTrapDestructible,4736,1600,0013981A,0,1,1,4294967295,0,0
blockTrapDestructible,4768,1600,0000BF30,0,1,1,4294967295,0,1
blockTrapDestructible,4640,1632,0002A055,0,1,1,4294967295,0,0
blockTrapDestructible,4576,1568,001F2BFF,0,1,1,4294967295,0,0
blockTrapDestructible,4608,1568,002382F8,0,1,1,4294967295,0,0
blockTrapDestructible,4640,1568,000A88BC,0,1,1,4294967295,0,0
blockTrapDestructible,4672,1568,00020E15,0,1,1,4294967295,0,0
blockTrapDestructible,4704,1568,0038EAD1,0,1,1,4294967295,0,0
blockTrapDestructible,4736,1568,0010AB5C,0,1,1,4294967295,0,0
blockTrapDestructible,4768,1568,0027AA89,0,1,1,4294967295,0,0
blockTrapDestructible,4672,1536,003888E3,0,1,1,4294967295,0,0
blockTrapDestructible,4704,1536,003E2C55,0,1,1,4294967295,0,0
blockTrapDestructible,4736,1536,0024B71B,0,1,1,4294967295,0,0
blockTrapDestructible,4768,1536,0006B848,0,1,1,4294967295,0,0
blockTrapDestructible,4672,1504,00017DAF,0,1,1,4294967295,0,0
blockTrapDestructible,4704,1504,002305A9,0,1,1,4294967295,0,0
blockTrapDestructible,4736,1504,00191F90,0,1,1,4294967295,0,0
blockTrapDestructible,4768,1504,00028B5A,0,1,1,4294967295,0,0
blockTrapDestructible,4704,1472,0031DA3D,0,1,1,4294967295,0,0
blockTrapDestructible,4736,1472,000A4B1A,0,1,1,4294967295,0,0
blockTrapDestructible,4768,1472,0004BD8A,0,1,1,4294967295,0,0
blockTrapDestructible,4768,1440,000B9B0B,0,1,1,4294967295,0,0
blockTrapDestructible,4768,1408,00258EAF,0,1,1,4294967295,0,0
blockTrapDestructible,4768,1376,00053F6F,0,1,1,4294967295,0,0
blockTrapDestructible,4768,1344,003773C3,0,1,1,4294967295,0,0
blockTrapDestructible,4480,1440,003FC4D8,0,1,1,4294967295,0,0
blockTrapDestructible,4512,1440,0031E30D,0,1,1,4294967295,0,0
blockTrapDestructible,4544,1440,002DB810,0,1,1,4294967295,0,0
blockTrapDestructible,4576,1440,00170D33,0,1,1,4294967295,0,0
blockTrapDestructible,4512,1408,000C038A,0,1,1,4294967295,0,0
blockTrapDestructible,4544,1408,000D1AD5,0,1,1,4294967295,0,0
blockTrapDestructible,4544,1376,00209F22,0,1,1,4294967295,0,0
blockTrapDestructible,4768,1312,0024F16F,0,1,1,4294967295,0,0
blockTrapDestructible,4768,1280,000BC4C6,0,1,1,4294967295,0,0
blockTrapDestructible,4768,1248,001E265F,0,1,1,4294967295,0,0
blockTrapDestructible,4768,1216,00327296,0,1,1,4294967295,0,0
blockTrapDestructible,4736,1248,0017C93F,0,1,1,4294967295,0,0
blockTrapDestructible,4736,1280,001D941D,0,1,1,4294967295,0,0
blockTrapDestructible,4704,1280,0029334F,0,1,1,4294967295,0,0
blockTrapDestructible,4704,1248,00402922,0,1,1,4294967295,0,0
blockTrapDestructible,4672,1248,0013EE10,0,1,1,4294967295,0,0
blockTrapDestructible,4672,1280,00032C8B,0,1,1,4294967295,0,0
blockTrapDestructible,4640,1280,00297A7D,0,1,1,4294967295,0,0
blockTrapDestructible,3840,1664,0017EE08,0,1,1,4294967295,0,0
blockTrapDestructible,3744,1472,00101FC3,0,1,1,4294967295,0,0
blockTrapDestructible,3744,1504,0029464F,0,1,1,4294967295,0,0
blockTrapDestructible,3744,1536,002FC59C,0,1,1,4294967295,0,0
blockTrapDestructible,3744,1568,003F5529,0,1,1,4294967295,0,0
blockTrapDestructible,3744,1600,000C74F6,0,1,1,4294967295,0,0
block,3200,1600,000D5867,0,1,3,4294967295,0,0
block,2400,1216,0021DFA7,0,3,1,4294967295,0,0
block,3328,1088,00209956,0,5,1,4294967295,0,0
block,3360,1120,00302FD6,0,3,1,4294967295,0,0
block,3328,1152,001BBD84,0,2,1,4294967295,0,0
block,3296,1184,001233C3,0,2,1,4294967295,0,0
block,3264,1216,001E9E61,0,2,1,4294967295,0,0
block,3232,1248,003FC101,0,2,1,4294967295,0,0
block,3296,1600,003C5AA8,0,2,1,4294967295,0,0
block,3328,1632,00388B09,0,2,1,4294967295,0,0
block,3360,1696,00294C3A,0,2,1,4294967295,0,0
block,3392,1728,000AF096,0,6,1,4294967295,0,0
block,4032,1760,00280A5C,0,13,1,4294967295,0,0
block,4608,1664,001E47A9,0,3,1,4294967295,0,0
block,2400,2400,002EED3E,0,25,1,4294967295,0,0
block,832,1280,003E4C5B,0,23,1,4294967295,0,0
block,288,1760,0028B10E,0,2,1,4294967295,0,0
block,192,1728,0038B650,0,4,1,4294967295,0,0
block,0,1696,003DD9EA,0,7,1,4294967295,0,0
block,0,1632,00123325,0,2,1,4294967295,0,0
block,32,1600,00206F54,0,2,1,4294967295,0,0
block,0,1568,000D2A89,0,4,1,4294967295,0,0
block,800,896,0021AD3D,0,2,1,4294967295,0,0
block,-32,1216,003E1271,0,27,1,4294967295,0,0
block,-32,-32,000C1CA5,0,27,1,4294967295,0,0
block,864,1152,00394BBC,0,3,1,4294967295,0,0
block,1632,1184,00115C1B,0,9,1,4294967295,0,0
block,1600,1152,00217ABA,0,2,1,4294967295,0,0
block,1600,1216,0031D918,0,24,1,4294967295,0,0
block,1952,1184,0020732D,0,17,1,4294967295,0,0
block,3200,-32,00233CC8,0,51,1,4294967295,0,0
block,1568,-32,00034375,0,27,1,4294967295,0,0
block,1568,544,001FFE53,0,3,1,4294967295,0,0
block,800,1792,003D0FD0,0,51,1,4294967295,0,0
SpikeTrap,1664,352,00276968,0,1,1,4294967295,0,0
kumoLeft,2784,768,00100A86,0,1,1,4294967295,0,0
kumoLeft,2976,704,00305E09,0,1,1,4294967295,0,0
kumoLeft,2464,704,0026AA5C,0,1,1,4294967295,0,0
kumoLeft,3392,1280,001B3675,0,1,1,4294967295,0,0
kumoLeft,3520,1376,000BBF61,0,1,1,4294967295,0,0
kumoLeft,4224,1280,00149512,0,1,1,4294967295,0,0
kumoLeft,4416,1376,001A075B,0,1,1,4294967295,0,0
kumoLeft,2336,736,0022F779,0,1,1,4294967295,0,0
kumoLeft,2144,672,002D5347,0,1,1,4294967295,0,0
kumoLeft,1984,672,002263C5,0,1,1,4294967295,0,0
kumoLeft,1984,160,0021EFE9,0,1,1,4294967295,0,0
kumoLeft,1677,160,0024F891,0,1,1,4294967295,0,0
kumoRight,2496,704,003324E9,0,1,1,4294967295,0,0
kumoRight,2816,768,003BFC54,0,1,1,4294967295,0,0
kumoRight,3008,704,00272748,0,1,1,4294967295,0,0
kumoRight,3424,1280,000FA3F7,0,1,1,4294967295,0,0
kumoRight,3552,1376,00208931,0,1,1,4294967295,0,0
kumoRight,4256,1280,002800C4,0,1,1,4294967295,0,0
kumoRight,4448,1376,000B71BA,0,1,1,4294967295,0,0
kumoRight,2368,736,003A44EC,0,1,1,4294967295,0,0
kumoRight,2176,672,003B7BAF,0,1,1,4294967295,0,0
kumoRight,2016,672,001291DA,0,1,1,4294967295,0,0
kumoRight,2016,160,00289D32,0,1,1,4294967295,0,0
kumoRight,1709,160,0007E95F,0,1,1,4294967295,0,0
Tyson,3600,96,001D9703,0,1,1,4294967295,0,0
TysonBrick,3232,320,0032F95F,0,1,1,4294967295,0,0
TysonBrick,3232,352,00095F7D,0,1,1,4294967295,0,0
TysonBrick,3264,352,00396F70,0,1,1,4294967295,0,0
TysonBrick,3264,384,001EFC9A,0,1,1,4294967295,0,0
TysonBrick,3296,384,00258FDE,0,1,1,4294967295,0,0
TysonBrick,3296,416,002C684E,0,1,1,4294967295,0,0
TysonBrick,3328,416,001BE7A6,0,1,1,4294967295,0,0
TysonBrick,3360,416,0028A73A,0,1,1,4294967295,0,0
TysonBrick,3392,416,001B3E21,0,1,1,4294967295,0,0
TysonBrick,3424,416,002535DE,0,1,1,4294967295,0,0
TysonBrick,3456,416,0026169E,0,1,1,4294967295,0,0
TysonBrick,3488,416,0015CA9C,0,1,1,4294967295,0,0
TysonBrick,3520,416,0009540C,0,1,1,4294967295,0,0
TysonBrick,3552,416,000D6BCF,0,1,1,4294967295,0,0
TysonBrick,3584,416,0010FC60,0,1,1,4294967295,0,0
TysonBrick,3616,416,0015835F,0,1,1,4294967295,0,0
TysonBrick,3648,416,001C57A6,0,1,1,4294967295,0,0
TysonBrick,3680,416,003C0D07,0,1,1,4294967295,0,0
TysonBrick,3712,416,001AF3BE,0,1,1,4294967295,0,0
TysonBrick,3744,416,000EBBEA,0,1,1,4294967295,0,0
TysonBrick,3776,416,003A57EF,0,1,1,4294967295,0,0
TysonBrick,3808,416,000E7BD6,0,1,1,4294967295,0,0
TysonBrick,3840,416,00267E28,0,1,1,4294967295,0,0
TysonBrick,3872,416,001B991B,0,1,1,4294967295,0,0
TysonBrick,3808,448,00359461,0,1,1,4294967295,0,0
TysonBrick,3840,448,00232160,0,1,1,4294967295,0,0
TysonBrick,3328,448,003FAF80,0,1,1,4294967295,0,0
TysonBrick,3360,448,003D5854,0,1,1,4294967295,0,0
TysonBrick,3872,384,001DD6A5,0,1,1,4294967295,0,0
TysonBrick,3904,384,0027F677,0,1,1,4294967295,0,0
TysonBrick,3904,352,001C86B3,0,1,1,4294967295,0,0
TysonBrick,3936,352,003CAF41,0,1,1,4294967295,0,0
TysonBrick,3936,320,002EEE0E,0,1,1,4294967295,0,0
TysonBrick,3328,480,00009689,0,1,1,4294967295,0,0
TysonBrick,3328,512,0001E419,0,1,1,4294967295,0,0
TysonBrick,3328,544,003A3FE8,0,1,1,4294967295,0,0
TysonBrick,3328,576,002B15E9,0,1,1,4294967295,0,0
TysonBrick,3360,576,000A2665,0,1,1,4294967295,0,0
TysonBrick,3360,544,0000B72B,0,1,1,4294967295,0,0
TysonBrick,3360,512,004040A1,0,1,1,4294967295,0,0
TysonBrick,3360,480,00025F2F,0,1,1,4294967295,0,0
TysonBrick,3808,480,00179D8A,0,1,1,4294967295,0,0
TysonBrick,3808,512,0015385A,0,1,1,4294967295,0,0
TysonBrick,3808,544,0039E57C,0,1,1,4294967295,0,0
TysonBrick,3808,576,00345C75,0,1,1,4294967295,0,0
TysonBrick,3840,576,0014B6EA,0,1,1,4294967295,0,0
TysonBrick,3840,544,003E29FB,0,1,1,4294967295,0,0
TysonBrick,3840,512,000334EF,0,1,1,4294967295,0,0
TysonBrick,3840,480,00291923,0,1,1,4294967295,0,0
BoltTrap,1696,160,0007FE2B,0,1,1,4294967295,0,0
BoltTrap,3547,1377,0032BCA1,0,1,1,4294967295,0,0
deliciousFruit,2473,1068,0014DA6E,0,1,1,4294967295,0,0
deliciousFruit,2665,1100,001695E3,0,1,1,4294967295,0,0
deliciousFruit,2701,1068,003FDCED,0,1,1,4294967295,0,0
deliciousFruit,2754,1085,002FBAEF,0,1,1,4294967295,0,0
deliciousFruit,2786,1084,001BF7C4,0,1,1,4294967295,0,0
deliciousFruit,2828,1073,000AA51C,0,1,1,4294967295,0,0
deliciousFruit,2843,1100,0003D063,0,1,1,4294967295,0,0
deliciousFruit,2882,1085,001FF026,0,1,1,4294967295,0,0
deliciousFruit,2908,1080,0026269C,0,1,1,4294967295,0,0
deliciousFruit,2953,1101,000C8F7D,0,1,1,4294967295,0,0
deliciousFruit,3001,1079,003AD8F8,0,1,1,4294967295,0,0
deliciousFruit,3008,1041,003A3F73,0,1,1,4294967295,0,0
deliciousFruit,3034,1041,000FD924,0,1,1,4294967295,0,0
deliciousFruit,3077,1075,001418F7,0,1,1,4294967295,0,0
deliciousFruit,3148,1055,0037327D,0,1,1,4294967295,0,0
cameraHard,2432,1248,00393B70,0,1,1,4294967295,0,0
blockYokuTile,1088,864,003B7940,0,1,1,4294967295,0,0
blockYokuTile,1312,864,00253EAB,0,1,1,4294967295,0,0
decoGameover,400,304,003F42DF,0,1,1,4294967295,0,0
blockYokuTile,256,640,00268FFC,0,1,1,4294967295,0,0
blockYokuTile,160,672,0020700F,0,1,1,4294967295,0,0
blockYokuTile,64,736,002F412C,0,1,1,4294967295,0,0
blockYokuTile,160,800,0023F1D4,0,1,1,4294967295,0,0
blockYokuTile,256,832,003E796D,0,1,1,4294967295,0,0
blockYokuTile,352,896,001B1E59,0,1,1,4294967295,0,0
blockYokuTile,480,896,001E7759,0,1,1,4294967295,0,0
deliciousFruit,3817,1594,00165220,0,1,1,4294967295,0,0
deliciousFruit,3849,1644,000262CD,0,1,1,4294967295,0,0
deliciousFruit,4137,1612,0029B72F,0,1,1,4294967295,0,0
deliciousFruit,4329,1644,001FE8CC,0,1,1,4294967295,0,0
deliciousFruit,4361,1644,0033AB48,0,1,1,4294967295,0,0
KumoStopper,1824,736,0025C289,0,1,1,4294967295,0,0
KumoStopper,2032,1200,001E0A72,0,1,1,4294967295,0,0
KumoStopper,1664,944,0024A1C5,0,1,1,4294967295,0,0
movingPlatform,1728,320,0014565B,0,1,1,4294967295,0,1
warp,352,1824,00040C76,0,1,1,4294967295,0,1
blockNise,2208,1792,0015EE1B,0,1,1,4294967295,0,0
blockNise,1760,1792,000549E3,0,1,1,4294967295,0,0
blockNise,1984,1216,003A8206,0,1,1,4294967295,0,0
trapStar,2304,224,00316530,0,1,1,4294967295,0,0
MoonBigDeco,4626,212,001C070C,0,1,1,4294967295,0,0
deliciousFruit,3536,1584,0034EA80,0,1,1,4294967295,0,1
warp,4800,1216,0005E4D0,0,1,1,4294967295,0,1
warp,4000,1824,0031FD1B,0,1,1,4294967295,0,1
triggerLockControls,2432,432,00254945,0,1,1,4294967295,0,1
movingPlatform,2816,160,003ECF13,0,1,1,4294967295,0,1
Snifit,64,1504,00304E0E,0,1,1,4294967295,0,0
movingPlatform,2496,320,0008C405,0,1,1,4294967295,0,1
FallingBrick,2912,288,002DEB31,0,1,1,4294967295,0,0
deliciousFruit,3689,1656,00242A21,0,1,1,4294967295,0,0
deliciousFruit,930,188,001335F2,0,1,1,4294967295,0,0
deliciousFruit,934,175,000E4241,0,1,1,4294967295,0,0
deliciousFruit,939,160,000851E7,0,1,1,4294967295,0,0
deliciousFruit,944,146,00339714,0,1,1,4294967295,0,0
deliciousFruit,948,133,001CE636,0,1,1,4294967295,0,0
deliciousFruit,955,120,0017BDCE,0,1,1,4294967295,0,0
deliciousFruit,966,120,00023C5D,0,1,1,4294967295,0,0
deliciousFruit,978,131,000A3CFD,0,1,1,4294967295,0,0
deliciousFruit,983,143,0015C766,0,1,1,4294967295,0,0
deliciousFruit,983,155,000802D3,0,1,1,4294967295,0,0
deliciousFruit,971,159,001099CF,0,1,1,4294967295,0,0
deliciousFruit,964,171,0001351A,0,1,1,4294967295,0,0
deliciousFruit,971,183,0038A46E,0,1,1,4294967295,0,0
deliciousFruit,981,195,002F0542,0,1,1,4294967295,0,0
deliciousFruit,993,206,0007DB8E,0,1,1,4294967295,0,0
deliciousFruit,1035,206,0010AC1F,0,1,1,4294967295,0,0
deliciousFruit,1034,190,00235704,0,1,1,4294967295,0,0
deliciousFruit,1034,169,002DEB29,0,1,1,4294967295,0,0
deliciousFruit,1034,154,0033006E,0,1,1,4294967295,0,0
deliciousFruit,1036,141,000C145B,0,1,1,4294967295,0,0
deliciousFruit,1048,141,00400584,0,1,1,4294967295,0,0
deliciousFruit,1059,141,002ABAD7,0,1,1,4294967295,0,0
deliciousFruit,1041,170,0029FBEA,0,1,1,4294967295,0,0
deliciousFruit,1053,170,002536E2,0,1,1,4294967295,0,0
deliciousFruit,1068,171,000BB1A2,0,1,1,4294967295,0,0
deliciousFruit,1044,209,002603E3,0,1,1,4294967295,0,0
deliciousFruit,1055,209,001F2D01,0,1,1,4294967295,0,0
deliciousFruit,1066,209,00337487,0,1,1,4294967295,0,0
deliciousFruit,1100,211,003CE992,0,1,1,4294967295,0,0
deliciousFruit,1100,198,001C7BAA,0,1,1,4294967295,0,0
deliciousFruit,1100,185,0021DDE3,0,1,1,4294967295,0,0
deliciousFruit,1100,168,0010CC97,0,1,1,4294967295,0,0
deliciousFruit,1103,153,000BDAE5,0,1,1,4294967295,0,0
deliciousFruit,1110,165,002AAC14,0,1,1,4294967295,0,0
deliciousFruit,1119,188,002BF638,0,1,1,4294967295,0,0
deliciousFruit,1125,204,002AAD5A,0,1,1,4294967295,0,0
deliciousFruit,1136,205,00026093,0,1,1,4294967295,0,0
deliciousFruit,1143,191,00392D30,0,1,1,4294967295,0,0
deliciousFruit,1149,175,001CE873,0,1,1,4294967295,0,0
deliciousFruit,1155,156,00333DCF,0,1,1,4294967295,0,0
deliciousFruit,1159,143,0033C128,0,1,1,4294967295,0,0
deliciousFruit,1188,218,00095A57,0,1,1,4294967295,0,0
deliciousFruit,1194,201,00155B13,0,1,1,4294967295,0,0
deliciousFruit,1203,184,0036E226,0,1,1,4294967295,0,0
deliciousFruit,1210,164,001E17A1,0,1,1,4294967295,0,0
deliciousFruit,1215,151,0009F657,0,1,1,4294967295,0,0
deliciousFruit,1226,154,00357252,0,1,1,4294967295,0,0
deliciousFruit,1238,160,002090D9,0,1,1,4294967295,0,0
deliciousFruit,1190,184,00002BAC,0,1,1,4294967295,0,0
deliciousFruit,1201,190,00279FE9,0,1,1,4294967295,0,0
deliciousFruit,1213,193,00111758,0,1,1,4294967295,0,0
deliciousFruit,1224,196,000EA03A,0,1,1,4294967295,0,0
deliciousFruit,1235,203,003AEBDF,0,1,1,4294967295,0,0
deliciousFruit,1196,221,002409FB,0,1,1,4294967295,0,0
deliciousFruit,1208,225,003FE940,0,1,1,4294967295,0,0
deliciousFruit,1219,228,00259312,0,1,1,4294967295,0,0
deliciousFruit,1230,229,002B207E,0,1,1,4294967295,0,0
deliciousFruit,1279,161,0009635D,0,1,1,4294967295,0,0
deliciousFruit,1286,176,0035589B,0,1,1,4294967295,0,0
deliciousFruit,1305,201,00202AC6,0,1,1,4294967295,0,0
deliciousFruit,1316,216,003A848F,0,1,1,4294967295,0,0
deliciousFruit,1319,228,0020428B,0,1,1,4294967295,0,0
deliciousFruit,1344,154,002C9F19,0,1,1,4294967295,0,0
deliciousFruit,1331,165,002D7E09,0,1,1,4294967295,0,0
deliciousFruit,1321,178,002B7A44,0,1,1,4294967295,0,0
deliciousFruit,1311,190,001EC3B4,0,1,1,4294967295,0,0
deliciousFruit,1301,203,0033D160,0,1,1,4294967295,0,0
deliciousFruit,1289,213,0038DA84,0,1,1,4294967295,0,0
deliciousFruit,1276,224,00017937,0,1,1,4294967295,0,0
deliciousFruit,898,250,001AADC9,0,1,1,4294967295,0,0
deliciousFruit,899,263,003D659B,0,1,1,4294967295,0,0
deliciousFruit,903,275,000D2B55,0,1,1,4294967295,0,0
deliciousFruit,914,288,002D7AF1,0,1,1,4294967295,0,0
deliciousFruit,921,300,0012145B,0,1,1,4294967295,0,0
deliciousFruit,933,296,002A0165,0,1,1,4294967295,0,0
deliciousFruit,943,283,00129B85,0,1,1,4294967295,0,0
deliciousFruit,948,270,00388921,0,1,1,4294967295,0,0
deliciousFruit,955,256,0033DF81,0,1,1,4294967295,0,0
deliciousFruit,964,268,000DDA2B,0,1,1,4294967295,0,0
deliciousFruit,966,280,0032B87C,0,1,1,4294967295,0,0
deliciousFruit,969,293,003C3C7E,0,1,1,4294967295,0,0
deliciousFruit,975,305,001D39DA,0,1,1,4294967295,0,0
deliciousFruit,986,301,0003E631,0,1,1,4294967295,0,0
deliciousFruit,991,288,0005934F,0,1,1,4294967295,0,0
deliciousFruit,998,275,003EB0D3,0,1,1,4294967295,0,0
deliciousFruit,1003,261,001648C2,0,1,1,4294967295,0,0
deliciousFruit,1056,256,003294D8,0,1,1,4294967295,0,0
deliciousFruit,1053,268,0036CDF7,0,1,1,4294967295,0,0
deliciousFruit,1051,280,001FEB40,0,1,1,4294967295,0,0
deliciousFruit,1053,293,002085D4,0,1,1,4294967295,0,0
deliciousFruit,1058,305,0034287C,0,1,1,4294967295,0,0
deliciousFruit,1069,310,001BF97F,0,1,1,4294967295,0,0
deliciousFruit,1080,309,0013AD1A,0,1,1,4294967295,0,0
deliciousFruit,1085,296,000141A6,0,1,1,4294967295,0,0
deliciousFruit,1088,283,00283A7D,0,1,1,4294967295,0,0
deliciousFruit,1093,270,0014DB66,0,1,1,4294967295,0,0
deliciousFruit,1136,278,0031118F,0,1,1,4294967295,0,0
deliciousFruit,1148,280,003F45A0,0,1,1,4294967295,0,0
deliciousFruit,1159,285,003DDACB,0,1,1,4294967295,0,0
deliciousFruit,1146,296,000AEFCE,0,1,1,4294967295,0,0
deliciousFruit,1133,303,00343323,0,1,1,4294967295,0,0
deliciousFruit,1120,309,001621D7,0,1,1,4294967295,0,0
deliciousFruit,1108,316,001AD892,0,1,1,4294967295,0,0
deliciousFruit,1119,325,0005CDFD,0,1,1,4294967295,0,0
deliciousFruit,1134,328,001D9876,0,1,1,4294967295,0,0
deliciousFruit,1151,330,003EEEED,0,1,1,4294967295,0,0
deliciousFruit,1163,331,00156305,0,1,1,4294967295,0,0
deliciousFruit,993,406,00105978,0,1,1,4294967295,0,0
deliciousFruit,999,393,0028B4B0,0,1,1,4294967295,0,0
deliciousFruit,1000,380,0029ECDA,0,1,1,4294967295,0,0
deliciousFruit,1001,364,003E8A8C,0,1,1,4294967295,0,0
deliciousFruit,1004,351,003EA793,0,1,1,4294967295,0,0
deliciousFruit,995,386,002487D7,0,1,1,4294967295,0,0
deliciousFruit,1008,388,002BB750,0,1,1,4294967295,0,0
deliciousFruit,1021,388,0013CC50,0,1,1,4294967295,0,0
deliciousFruit,1033,386,0032E52B,0,1,1,4294967295,0,0
deliciousFruit,1038,373,000B7321,0,1,1,4294967295,0,0
deliciousFruit,1040,385,001B9249,0,1,1,4294967295,0,0
deliciousFruit,1039,400,003C359F,0,1,1,4294967295,0,0
deliciousFruit,1039,413,001266EF,0,1,1,4294967295,0,0
deliciousFruit,1085,420,000333F0,0,1,1,4294967295,0,0
deliciousFruit,1081,406,00001191,0,1,1,4294967295,0,0
deliciousFruit,1081,393,003D5843,0,1,1,4294967295,0,0
deliciousFruit,1080,374,0026CE9D,0,1,1,4294967295,0,0
deliciousFruit,1083,360,00004789,0,1,1,4294967295,0,0
deliciousFruit,1094,356,002E3278,0,1,1,4294967295,0,0
deliciousFruit,1105,358,00340907,0,1,1,4294967295,0,0
deliciousFruit,1079,384,003B74AC,0,1,1,4294967295,0,0
deliciousFruit,1091,389,0018E29A,0,1,1,4294967295,0,0
deliciousFruit,1111,390,0011067C,0,1,1,4294967295,0,0
deliciousFruit,1086,424,001CB5E1,0,1,1,4294967295,0,0
deliciousFruit,1098,424,00179F96,0,1,1,4294967295,0,0
deliciousFruit,1109,424,0020ECB1,0,1,1,4294967295,0,0
deliciousFruit,1120,424,0026012E,0,1,1,4294967295,0,0
deliciousFruit,1156,434,00121EEB,0,1,1,4294967295,0,0
deliciousFruit,1161,421,00035701,0,1,1,4294967295,0,0
deliciousFruit,1161,403,003BDDE8,0,1,1,4294967295,0,0
deliciousFruit,1161,383,003D2BC7,0,1,1,4294967295,0,0
deliciousFruit,1163,365,0033FD18,0,1,1,4294967295,0,0
deliciousFruit,1174,360,00146B1E,0,1,1,4294967295,0,0
deliciousFruit,1184,373,001CF3FF,0,1,1,4294967295,0,0
deliciousFruit,1190,385,002B22A9,0,1,1,4294967295,0,0
deliciousFruit,1178,390,00389A16,0,1,1,4294967295,0,0
deliciousFruit,1173,403,0014B6FA,0,1,1,4294967295,0,0
deliciousFruit,1183,415,00042778,0,1,1,4294967295,0,0
deliciousFruit,1195,429,0020BE25,0,1,1,4294967295,0,0
deliciousFruit,1203,443,003E1CB8,0,1,1,4294967295,0,0
deliciousFruit,1249,445,0020C063,0,1,1,4294967295,0,0
deliciousFruit,1249,431,000F1354,0,1,1,4294967295,0,0
deliciousFruit,1249,418,002EDEF5,0,1,1,4294967295,0,0
deliciousFruit,1249,395,003B9C92,0,1,1,4294967295,0,0
deliciousFruit,1249,381,002BAC93,0,1,1,4294967295,0,0
deliciousFruit,1260,379,000B3D10,0,1,1,4294967295,0,0
deliciousFruit,1271,381,000E96F5,0,1,1,4294967295,0,0
deliciousFruit,1259,413,00072BB5,0,1,1,4294967295,0,0
deliciousFruit,1270,416,00297E4A,0,1,1,4294967295,0,0
deliciousFruit,1260,445,0004FF10,0,1,1,4294967295,0,0
deliciousFruit,1271,451,0015B0DA,0,1,1,4294967295,0,0
deliciousFruit,1286,453,00342195,0,1,1,4294967295,0,0
deliciousFruit,1298,451,002DD71B,0,1,1,4294967295,0,0
TysonReferee,3936,288,001C738B,0,1,1,4294967295,0,0
TysonDoor,3200,256,000AE8DE,0,1,1,4294967295,0,0
TysonDoor,3968,256,0018891B,0,1,1,4294967295,0,0
FirstRoomBarrier,3008,1320,001DCF43,0,1,1,4294967295,0,0
FirstRoomBarrier,2496,1448,003C0DB4,0,1,1,4294967295,0,0
FirstRoomBarrier,3008,1576,0025A0EB,0,1,1,4294967295,0,0
FirstRoomSpike,2413,1344,0024B048,0,1,1,4294967295,0,0
FirstRoomSpike,3181,1472,00253770,0,1,1,4294967295,0,1
FirstRoomSpike,3181,1600,001C58E6,0,1,1,4294967295,0,1
FirstRoomSpikeWall,3136,1408,000B675A,0,1,1,4294967295,0,0
FirstRoomSpikeWall,2432,1536,00368D3A,0,1,1,4294967295,0,0
FirstRoomSpikeWall,2432,1664,002C4D80,0,1,1,4294967295,0,0
FirstRoomSpikeWall,2368,1408,0010679F,0,1,1,4294967295,0,0
FirstRoomSpikeWall,3194,1536,00373EA3,0,1,1,4294967295,0,0
FirstRoomSpikeWall,3194,1664,0032FC0F,0,1,1,4294967295,0,0
FakeFallingSpike,1728,1248,001EEAEB,0,1,1,4294967295,0,0
FakeFallingSpike,1760,1248,002331C8,0,1,1,4294967295,0,0
FakeFallingSpike,1792,1248,003B72C3,0,1,1,4294967295,0,0
RealYoku,2624,2272,0034D66B,0,1,1,4294967295,0,1
RealYoku,2624,2176,002330B4,0,1,1,4294967295,0,1
RealYoku,2752,2176,0023CD4D,0,1,1,4294967295,0,1
RealYoku,2720,2080,002C0470,0,1,1,4294967295,0,1
RealYoku,2848,2048,0034C422,0,1,1,4294967295,0,1
RealYoku,3040,1984,002E0E95,0,1,1,4294967295,0,1
RealYokuController,2848,2016,000ADA40,0,1,1,4294967295,0,0
TheSpikeYouShoot,2432,2176,0002E25E,0,1,1,4294967295,0,0
secret4trophy,1202,1629,001DD52B,0,1,1,4294967295,0,0
secret1trophy,1138,1622,00360A9A,0,1,1,4294967295,0,0
secret2trophy,1159,1623,00338D75,0,1,1,4294967295,0,0
secret3trophy,1181,1621,00287887,0,1,1,4294967295,0,0
secret5trophy,1231,1624,0011A0A1,0,1,1,4294967295,0,0
secret6trophy,1254,1625,00123B53,0,1,1,4294967295,0,0
secret1,390,490,0031FF7E,0,1,1,4294967295,0,0
RealYokuEndTrigger,3104,1952,00142F2D,0,1,1,4294967295,0,0
platform,3200,2176,002E26EC,0,1,1,4294967295,0,1
GutsStarLarge,3296,1984,0025B5FE,0,1,1,4294967295,0,0
GutsStarLarge,3392,1920,002611A5,0,1,1,4294967295,0,0
GutsStarMedium,3328,1952,00117B1F,0,1,1,4294967295,0,0
GutsStarMedium,3424,1984,0038E60E,0,1,1,4294967295,0,0
GutsStarMedium,3232,2240,00034924,0,1,1,4294967295,0,0
GutsStarMedium,3264,2272,00310E96,0,1,1,4294967295,0,0
GutsStarMedium,3264,1856,0039E087,0,1,1,4294967295,0,0
GutsStarMedium,3296,1888,0023303C,0,1,1,4294967295,0,0
GutsStarMedium,3488,1888,000E1C38,0,1,1,4294967295,0,0
GutsStarMedium,3808,1888,000B3EB1,0,1,1,4294967295,0,0
GutsStarMedium,3744,1984,000EB7EE,0,1,1,4294967295,0,0
GutsStarMedium,3648,1920,002961AA,0,1,1,4294967295,0,0
GutsStarMedium,3776,2272,001F8C93,0,1,1,4294967295,0,0
GutsStarMedium,3712,2368,0005E2BD,0,1,1,4294967295,0,0
GutsStarMedium,3616,2304,002B5968,0,1,1,4294967295,0,0
GutsStarMedium,3456,2272,001F7B7A,0,1,1,4294967295,0,0
GutsStarMedium,3392,2368,0016BC8D,0,1,1,4294967295,0,0
GutsStarMedium,3296,2336,0010C7A6,0,1,1,4294967295,0,0
GutsStarSmall,3392,2272,000FFD5C,0,1,1,4294967295,0,0
GutsStarSmall,3424,1888,0010887F,0,1,1,4294967295,0,0
GutsStarSmall,3360,1856,003E842D,0,1,1,4294967295,0,0
GutsStarSmall,3584,1984,0032474B,0,1,1,4294967295,0,0
GutsStarSmall,3872,1952,00256292,0,1,1,4294967295,0,0
GutsStarSmall,3968,1856,00217FC6,0,1,1,4294967295,0,0
GutsStarSmall,3328,2240,00071430,0,1,1,4294967295,0,0
GutsStarSmall,3552,2368,002A2BAB,0,1,1,4294967295,0,0
GutsStarSmall,3840,2336,00176F46,0,1,1,4294967295,0,0
GutsStarSmall,3936,2240,003B379E,0,1,1,4294967295,0,0
GutsStarLarge,3520,2336,0027F5F5,0,1,1,4294967295,0,0
GutsStarLarge,3360,2304,000C7681,0,1,1,4294967295,0,0
GutsStarLarge,3264,2368,00050B06,0,1,1,4294967295,0,0
GutsStarLarge,3616,2240,000F0DC6,0,1,1,4294967295,0,0
GutsStarLarge,3776,2368,00004D54,0,1,1,4294967295,0,0
GutsStarLarge,3936,2336,002D35C6,0,1,1,4294967295,0,0
GutsStarLarge,3872,2272,00072ED3,0,1,1,4294967295,0,0
GutsStarLarge,3968,1952,0019FB63,0,1,1,4294967295,0,0
GutsStarLarge,3808,1984,002F7CDF,0,1,1,4294967295,0,0
GutsStarLarge,3904,1888,000805DF,0,1,1,4294967295,0,0
GutsStarLarge,3648,1856,002882C5,0,1,1,4294967295,0,0
GutsStarLarge,3552,1952,00151A75,0,1,1,4294967295,0,0
BossTeleporter,832,1472,0019B029,0,1,1,4294967295,0,1
BossTeleporter,832,1600,0022B6E4,0,1,1,4294967295,0,1
BossTeleporter,896,1600,0033DDDC,0,1,1,4294967295,0,1
BossTeleporter,1472,1600,001C81B3,0,1,1,4294967295,0,1
BossTeleporter,1536,1600,003248D1,0,1,1,4294967295,0,1
BossTeleporter,1536,1472,002E91B5,0,1,1,4294967295,0,1
FallingSpike10frame,384,1248,001174E5,0,1,1,4294967295,0,0
FallingSpike10frame,736,1248,001A81A0,0,1,1,4294967295,0,0
FallingSpike10frame,2592,224,00213C23,0,1,1,4294967295,0,0
FallingSpike10frame,2176,1248,000AA30F,0,1,1,4294967295,0,0
FallingSpike10frame,1952,1248,00393102,0,1,1,4294967295,0,0
FallingSpike10frame,1984,1248,001D36FD,0,1,1,4294967295,0,0
FallingSpike10frame,2016,1248,003AB50F,0,1,1,4294967295,0,0
FallingSpike10frame,3520,1600,000E0966,0,1,1,4294967295,0,0
FallingSpike10frame,3552,1600,000EC255,0,1,1,4294967295,0,0
BossTeleporter,1184,1664,0007B5DC,0,1,1,4294967295,0,1
BossTeleporter,1184,1568,0000F8FA,0,1,1,4294967295,0,1
platform,0,567,0014B096,0,1,1,4294967295,0,1
SoftlockBlocker,2464,352,00150B5F,0,22,1,4294967295,0,0
SoftlockBlocker,2784,320,0038E440,0,8,1,4294967295,0,0
SoftlockBlocker,2432,384,000B5920,0,12,2,4294967295,0,0
SoftlockBlocker,2848,384,0030B575,0,10,2,4294967295,0,0
SoftlockBlocker,2912,288,00147C86,0,1,1,4294967295,0,0
SoftlockBlocker,2432,448,001E3474,0,23,4,4294967295,0,0
SoftlockBlocker,2592,320,002CB13F,0,4,1,4294967295,0,0
SoftlockBlocker,2624,304,001DEA4B,0,3,1,4294967295,0,0
SoftlockBlocker,2784,304,003747F8,0,1,1,4294967295,0,0
SoftlockBlocker,2816,304,0013033C,0,1,1,4294967295,0,0
SoftlockBlocker,2848,304,00303A3C,0,1,1,4294967295,0,0
SoftlockBlocker,1696,160,0031CA89,0,1,2,4294967295,0,0
SoftlockBlocker,2976,304,000228C9,0,1,1,4294967295,0,0
SoftlockBlocker,3040,336,0038BDFA,0,1,1,4294967295,0,0
SoftlockBlocker,3008,304,001C10F6,0,1,1,4294967295,0,0
PlayerSign,2624,1248,002BF450,0,1,1,4294967295,0,0
JumpRefresher,1216,832,FE467C68,0,1,1,4294967295,0,0
JumpRefresher,992,832,F3709FF1,0,1,1,4294967295,0,0
JumpRefresher,1440,832,A18054EF,0,1,1,4294967295,0,0
JumpRefresher,3024,2016,099419C9,0,1,1,4294967295,0,0
AndDownIGo,4128,192,003AF422,0,1,1,4294967295,0,1
TextBlock,1184,480,000F8EE6,0,1,1,4294967295,0,1
playerStart,2560,1280,002447AF,0,1,1,4294967295,0,0
KumoPlatform,2184,928,002B9442,0,1,1,4294967295,0,0
decoKumoLayer,0,546,000F0AD8,0,1,1,4294967295,0,0
decoKumoLayer,3200,528,0026DABC,0,1,1,4294967295,0,1
decoKumoLayer,1600,-29,0039E900,0,1,1,4294967295,0,0
decoKumoLayer,2400,-29,0014A842,0,1,1,4294967295,0,0
decoKumoLayer,3200,-29,003D100C,0,1,1,4294967295,0,1
decoKumoLayer,4000,550,0009A9D2,0,1,1,4294967295,0,0
KumoPlatform,1984,1024,0034B08F,0,1,1,4294967295,0,0
KumoPlatform,1760,960,002A0EE7,0,1,1,4294967295,0,0
KumoPlatform,1633,1088,00115473,0,1,1,4294967295,0,0
objWater2,3584,1728,0034EC6A,0,1,1,4294967295,0,0
objWater2,3616,1728,0023D3EB,0,1,1,4294967295,0,0
objWater2,3584,1760,000CF15D,0,1,1,4294967295,0,0
objWater2,3616,1760,001197F4,0,1,1,4294967295,0,0
blockKill,2432,592,00043CE7,0,1,1,4294967295,0,1
blockKill,0,1208,001162F3,0,1,1,4294967295,0,1
blockKill,3232,592,000DDCBE,0,1,1,4294967295,0,1
blockKill,3200,2416,0015398F,0,1,1,4294967295,0,1
blockKill,832,1584,003EF325,0,1,1,4294967295,0,0
blockKill,896,1584,002191BF,0,1,1,4294967295,0,0
blockKill,832,1456,00235D11,0,1,1,4294967295,0,0
blockKill,1472,1584,00290468,0,1,1,4294967295,0,0
blockKill,1536,1584,003F0250,0,1,1,4294967295,0,0
blockKill,1536,1456,00105E3C,0,1,1,4294967295,0,0
trigger,1984,1008,003D6D5C,0,1,1,4294967295,0,1
trigger,1760,816,003A2FFA,0,1,1,4294967295,0,1
trigger,1632,896,000828BF,0,1,1,4294967295,0,1
trigger,1664,856,0006C4F8,0,1,1,4294967295,0,1
trigger,1700,160,0006947F,0,1,1,4294967295,0,1
trigger,3552,1344,00296451,0,1,1,4294967295,0,1
trigger,2296,160,00227125,0,1,1,4294967295,0,1
trigger,4576,1465,000B7852,0,1,1,4294967295,0,1
trigger,3520,1344,00381397,0,1,1,4294967295,0,1
trigger,4128,1376,0034AF30,0,1,1,4294967295,0,1
trigger,4330,1408,00240C4C,0,1,1,4294967295,0,1
trigger,4339,1408,0028715F,0,1,1,4294967295,0,1
trigger,3473,1574,002E35E6,0,1,1,4294967295,0,1
trigger,3807,1338,0035BAF5,0,1,1,4294967295,0,1
trigger,3840,1408,002A4077,0,1,1,4294967295,0,1
trigger,2453,840,002B1FC3,0,1,1,4294967295,0,1
trigger,2640,976,00090347,0,1,1,4294967295,0,1
trigger,2669,819,0005DD30,0,1,1,4294967295,0,1
trigger,2816,824,0006993F,0,1,1,4294967295,0,1
trigger,2758,995,003794CE,0,1,1,4294967295,0,1
trigger,2852,976,00244B92,0,1,1,4294967295,0,1
trigger,2912,833,002600E6,0,1,1,4294967295,0,1
trigger,2960,994,003FF147,0,1,1,4294967295,0,1
trigger,3040,801,00337442,0,1,1,4294967295,0,1
trigger,3135,806,000C6F96,0,1,1,4294967295,0,1
trigger,2980,982,00168C98,0,1,1,4294967295,0,1
trigger,3056,985,000CEC07,0,1,1,4294967295,0,1
trigger,2432,448,002201F9,0,1,1,4294967295,0,1
trigger,320,1728,00267D1B,0,1,1,4294967295,0,1
trigger,238,1249,0024B3C0,0,1,1,4294967295,0,1
trigger,2592,224,000B888E,0,1,1,4294967295,0,1
trigger,3662,1408,0016CA07,0,1,1,4294967295,0,1
trigger,2382,1436,0007E8B1,0,1,1,4294967295,0,1
trigger,2496,1565,0034FCA6,0,1,1,4294967295,0,1
trigger,3008,1692,00363553,0,1,1,4294967295,0,1
trigger,2176,1248,00366897,0,1,1,4294967295,0,1
trigger,1952,1248,0018428A,0,1,1,4294967295,0,1
trigger,1733,1248,002F27C0,0,1,1,4294967295,0,1
trigger,1549,1248,00395A96,0,1,1,4294967295,0,1
trigger,672,1248,000BA253,0,1,1,4294967295,0,1
trigger,352,960,0018C5A8,0,1,1,4294967295,0,1
trigger,3200,256,00386FA0,0,1,1,4294967295,0,1
trigger,4032,160,00120659,0,1,1,4294967295,0,1
trigger,3555,2021,000AFBA3,0,1,1,4294967295,0,1
trigger,4000,576,000ADBF2,0,1,1,4294967295,0,1
trigger,4064,224,003A9113,0,1,1,4294967295,0,1
