block,0,543,002D80BD,0,25,1,4294967295,0,0
block,800,0,00082BDB,0,1,18,4294967295,0,0
block,-32,0,00256404,0,1,18,4294967295,0,0
block,-32,-32,00377781,0,27,1,4294967295,0,0
DraculaIntro,402,399,0019DC1C,0,1,1,4294967295,0,0
Dracform,311,450,0016DBBE,0,1,1,4294967295,0,1
Dracform,267,473,001CA2D0,0,1,1,4294967295,0,1
Dracform,222,496,000C3039,0,1,1,4294967295,0,1
Dracform,178,519,00018629,0,1,1,4294967295,0,1
playerStart,768,511,000D9013,0,1,1,4294967295,0,0
blockKill,0,0,002ED848,0,1,1,4294967295,0,0
blockKill,32,0,003DC3AB,0,1,1,4294967295,0,0
blockKill,64,0,0011646D,0,1,1,4294967295,0,0
blockKill,96,0,001ED126,0,1,1,4294967295,0,0
blockKill,128,0,0029927D,0,1,1,4294967295,0,0
blockKill,160,0,001D568F,0,1,1,4294967295,0,0
blockKill,192,0,001A42A3,0,1,1,4294967295,0,0
blockKill,224,0,000852E3,0,1,1,4294967295,0,0
blockKill,256,0,003FEBB5,0,1,1,4294967295,0,0
blockKill,288,0,000A55B5,0,1,1,4294967295,0,0
blockKill,320,0,0000051D,0,1,1,4294967295,0,0
blockKill,352,0,003A5451,0,1,1,4294967295,0,0
blockKill,384,0,000D0E11,0,1,1,4294967295,0,0
blockKill,416,0,000AD79E,0,1,1,4294967295,0,0
blockKill,448,0,00077E12,0,1,1,4294967295,0,0
blockKill,480,0,00080C08,0,1,1,4294967295,0,0
blockKill,512,0,000715BB,0,1,1,4294967295,0,0
blockKill,544,0,003EA5CF,0,1,1,4294967295,0,0
blockKill,576,0,001927D3,0,1,1,4294967295,0,0
blockKill,608,0,000C5F10,0,1,1,4294967295,0,0
blockKill,640,0,0010368E,0,1,1,4294967295,0,0
blockKill,672,0,001A2C67,0,1,1,4294967295,0,0
blockKill,704,0,00290C25,0,1,1,4294967295,0,0
blockKill,736,0,000D6C62,0,1,1,4294967295,0,0
blockKill,768,0,0001BF07,0,1,1,4294967295,0,0
blockKill,768,32,002D783D,0,1,1,4294967295,0,0
blockKill,768,64,00044B35,0,1,1,4294967295,0,0
blockKill,768,96,003F56BB,0,1,1,4294967295,0,0
blockKill,768,128,00054477,0,1,1,4294967295,0,0
blockKill,768,160,00348C3B,0,1,1,4294967295,0,0
blockKill,0,32,002B7A25,0,1,1,4294967295,0,0
blockKill,0,64,002E256C,0,1,1,4294967295,0,0
blockKill,0,96,0007789A,0,1,1,4294967295,0,0
blockKill,0,128,0025CDFC,0,1,1,4294967295,0,0
blockKill,0,160,000EE63E,0,1,1,4294967295,0,0
