deliciousFruit,201,48,001F9764,0,1,1,4294967295,0,0
deliciousFruit,553,47,00319B52,0,1,1,4294967295,0,0
FilesCtrl,64,512,001D0689,0,1,1,4294967295,0,0
FilesDataHolder,64,160,003E291D,0,1,1,4294967295,0,1
FilesDataHolder,320,160,00400137,0,1,1,4294967295,0,1
FilesDataHolder,576,160,003FCCD3,0,1,1,4294967295,0,1
OptsButton,736,511,001EBB4C,0,1,1,4294967295,0,0
LanguageSwitcher,729,35,0035C275,0,1,1,4294967295,0,0
FilesCursor,127,535,00297BC6,0,1,1,4294967295,0,0
OptsCtrl,320,96,00371408,0,1,1,4294967295,0,0
