EntranceStatue6,230,3,0008B42E,0,1,1,4294967295,0,0
EntranceStatue5,165,256,000136CB,0,1,1,4294967295,0,0
EntranceStatue4,310,189,001B5D38,0,1,1,4294967295,0,0
EntranceStatue3,288,320,00023FA8,0,1,1,4294967295,0,0
EntranceStatue2,390,280,001662FF,0,1,1,4294967295,0,0
EntranceStatue1,256,320,001D262B,0,1,1,4294967295,0,0
saveVeryHard,672,384,003CBFA8,0,1,1,4294967295,0,0
block,32,512,0027D634,0,1,1,4294967295,0,0
block,160,512,00327A76,0,1,1,4294967295,0,0
block,160,480,002593F9,0,15,1,4294967295,0,0
block,608,512,000171DE,0,1,1,4294967295,0,0
block,736,512,002576E5,0,1,1,4294967295,0,0
block,672,480,00328711,0,5,1,4294967295,0,0
block,32,544,003EB400,0,5,1,4294967295,0,0
block,608,544,003A0329,0,5,1,4294967295,0,0
block,-32,-32,0019E8E9,0,27,1,4294967295,0,0
block,-32,480,00040497,0,5,1,4294967295,0,0
warp,64,512,002D6F1F,0,1,1,4294967295,0,1
warp,704,512,001FA94C,0,1,1,4294967295,0,1
warp,-32,0,000D4576,0,1,1,4294967295,0,1
warp,800,0,0039B367,0,1,1,4294967295,0,1
EntranceController,96,64,000C2FB1,0,1,1,4294967295,0,0
EntranceTele,214,473,000E067C,0,1,1,4294967295,0,0
SoftlockBlocker,208,448,0019BEB4,0,12,1,4294967295,0,0
SoftlockBlocker,224,416,00335B2B,0,11,1,4294967295,0,0
SoftlockBlocker,256,352,0012BA17,0,9,1,4294967295,0,0
SoftlockBlocker,240,384,002D4224,0,10,1,4294967295,0,0
SoftlockBlocker,272,320,0025FC00,0,8,1,4294967295,0,0
playerStart,0,448,0017ED74,0,1,1,4294967295,0,0
