tileMaster,32,576,96,32,32,32,0,1,1,4294967295
tileMaster,96,472,96,32,32,32,0,1,1,4294967295
tileMaster,128,472,96,32,32,32,0,1,1,4294967295
tileMaster,128,352,96,32,32,32,0,1,1,4294967295
tileMaster,160,352,96,32,32,32,0,1,1,4294967295
tileMaster,288,288,96,32,32,32,0,1,1,4294967295
tileMaster,320,288,96,32,32,32,0,1,1,4294967295
tileMaster,480,288,96,32,32,32,0,1,1,4294967295
tileMaster,512,288,96,32,32,32,0,1,1,4294967295
tileMaster,672,288,96,32,32,32,0,1,1,4294967295
tileMaster,704,288,96,32,32,32,0,1,1,4294967295
