spikeUp,96,768,001DFC12,0,1,1,4294967295,0,0
spikeUp,128,768,0039076F,0,1,1,4294967295,0,0
spikeUp,160,768,0018C650,0,1,1,4294967295,0,0
spikeUp,192,768,000C3EBE,0,1,1,4294967295,0,0
spikeUp,224,768,002FA308,0,1,1,4294967295,0,0
spikeUp,256,768,00096C82,0,1,1,4294967295,0,0
spikeUp,288,768,0034B94B,0,1,1,4294967295,0,0
spikeUp,320,768,002582E7,0,1,1,4294967295,0,0
spikeUp,352,768,001D1EE6,0,1,1,4294967295,0,0
spikeUp,384,768,002CC18C,0,1,1,4294967295,0,0
spikeUp,416,768,00339369,0,1,1,4294967295,0,0
spikeUp,448,768,00056C46,0,1,1,4294967295,0,0
spikeUp,480,768,0000C5EE,0,1,1,4294967295,0,0
spikeUp,512,768,00128DDB,0,1,1,4294967295,0,0
spikeUp,544,768,00175D19,0,1,1,4294967295,0,0
spikeUp,576,768,003CE752,0,1,1,4294967295,0,0
spikeUp,608,768,003B5638,0,1,1,4294967295,0,0
spikeUp,640,768,00171F62,0,1,1,4294967295,0,0
spikeUp,672,768,003F7FBE,0,1,1,4294967295,0,0
spikeUp,704,768,0037B59E,0,1,1,4294967295,0,0
spikeUp,736,768,003140CB,0,1,1,4294967295,0,0
spikeUp,768,768,000761B6,0,1,1,4294967295,0,0
spikeUp,768,768,003EF48C,0,1,1,4294967295,0,0
spikeUp,800,768,001FF015,0,1,1,4294967295,0,0
spikeUp,832,768,000FA5CC,0,1,1,4294967295,0,0
spikeUp,864,768,003D2A28,0,1,1,4294967295,0,0
spikeUp,896,768,0020F9A7,0,1,1,4294967295,0,0
spikeUp,928,768,0019A2F1,0,1,1,4294967295,0,0
spikeUp,960,768,0015DC02,0,1,1,4294967295,0,0
spikeUp,992,768,001D282E,0,1,1,4294967295,0,0
spikeUp,1024,768,0022DEDC,0,1,1,4294967295,0,0
spikeUp,1056,768,00111D52,0,1,1,4294967295,0,0
spikeUp,1088,768,0039AD7E,0,1,1,4294967295,0,0
spikeUp,1120,768,001C557D,0,1,1,4294967295,0,0
spikeUp,1152,768,003F6E96,0,1,1,4294967295,0,0
spikeUp,1184,768,0022FC4A,0,1,1,4294967295,0,0
spikeUp,1216,768,000928EE,0,1,1,4294967295,0,0
spikeUp,1248,768,0033FB68,0,1,1,4294967295,0,0
spikeUp,1280,768,0037B2A8,0,1,1,4294967295,0,0
spikeUp,1312,768,00335CF6,0,1,1,4294967295,0,0
spikeUp,1344,768,003EA73A,0,1,1,4294967295,0,0
spikeUp,1376,768,00092DE6,0,1,1,4294967295,0,0
spikeUp,1408,768,00140F4A,0,1,1,4294967295,0,0
spikeUp,1440,768,001CC7D3,0,1,1,4294967295,0,0
spikeUp,1472,768,00035028,0,1,1,4294967295,0,0
KraidgiefFallingSpike,32,64,0015F600,0,1,1,4294967295,0,0
KraidgiefFallingSpike,64,96,0027A1D7,0,1,1,4294967295,0,0
KraidgiefFallingSpike,96,128,002D8386,0,1,1,4294967295,0,0
KraidgiefFallingSpike,128,96,003EAEA7,0,1,1,4294967295,0,0
KraidgiefFallingSpike,160,64,002F1B02,0,1,1,4294967295,0,0
KraidgiefFallingSpike,192,64,00307238,0,1,1,4294967295,0,0
KraidgiefFallingSpike,224,96,00386110,0,1,1,4294967295,0,0
KraidgiefFallingSpike,256,64,0007EC0C,0,1,1,4294967295,0,0
KraidgiefFallingSpike,288,64,001AC97C,0,1,1,4294967295,0,0
KraidgiefFallingSpike,320,32,00022C48,0,1,1,4294967295,0,0
KraidgiefFallingSpike,352,64,00132FDB,0,1,1,4294967295,0,0
KraidgiefFallingSpike,384,96,003B5259,0,1,1,4294967295,0,0
KraidgiefFallingSpike,416,128,0034D97B,0,1,1,4294967295,0,0
KraidgiefFallingSpike,448,64,0034AD81,0,1,1,4294967295,0,0
KraidgiefFallingSpike,480,32,0028571A,0,1,1,4294967295,0,0
KraidgiefFallingSpike,512,32,00276A45,0,1,1,4294967295,0,0
KraidgiefFallingSpike,544,64,002D873A,0,1,1,4294967295,0,0
KraidgiefFallingSpike,576,32,001E5EAA,0,1,1,4294967295,0,0
KraidgiefFallingSpike,608,64,00104CE9,0,1,1,4294967295,0,0
KraidgiefFallingSpike,640,64,0033127D,0,1,1,4294967295,0,0
KraidgiefFallingSpike,672,32,00063C0B,0,1,1,4294967295,0,0
KraidgiefFallingSpike,704,64,003D4F16,0,1,1,4294967295,0,0
KraidgiefFallingSpike,736,96,003F8CD9,0,1,1,4294967295,0,0
KraidgiefFallingSpike,768,64,0013F45C,0,1,1,4294967295,0,0
KraidgiefFallingSpike,800,64,0037F82D,0,1,1,4294967295,0,0
KraidgiefFallingSpike,832,64,00302CC5,0,1,1,4294967295,0,0
KraidgiefFallingSpike,864,96,001897FC,0,1,1,4294967295,0,0
KraidgiefFallingSpike,896,96,0010AE37,0,1,1,4294967295,0,0
KraidgiefFallingSpike,928,96,00013DB7,0,1,1,4294967295,0,0
KraidgiefFallingSpike,960,128,0002C239,0,1,1,4294967295,0,0
KraidgiefFallingSpike,992,96,001190D6,0,1,1,4294967295,0,0
KraidgiefFallingSpike,1024,64,000BD521,0,1,1,4294967295,0,0
KraidgiefFallingSpike,1056,32,00318D82,0,1,1,4294967295,0,0
KraidgiefFallingSpike,1088,32,0013B42A,0,1,1,4294967295,0,0
KraidgiefFallingSpike,1120,32,001BBAD2,0,1,1,4294967295,0,0
KraidgiefFallingSpike,1152,64,002F16CA,0,1,1,4294967295,0,0
KraidgiefFallingSpike,1184,96,0005D600,0,1,1,4294967295,0,0
KraidgiefFallingSpike,1216,64,002F2CC5,0,1,1,4294967295,0,0
KraidgiefFallingSpike,1248,32,001A55C4,0,1,1,4294967295,0,0
KraidgiefFallingSpike,1280,64,0015FEAC,0,1,1,4294967295,0,0
KraidgiefFallingSpike,1312,96,001231EC,0,1,1,4294967295,0,0
KraidgiefFallingSpike,1344,96,003D6A36,0,1,1,4294967295,0,0
KraidgiefFallingSpike,1376,128,002F835A,0,1,1,4294967295,0,0
KraidgiefFallingSpike,1408,96,002BA373,0,1,1,4294967295,0,0
KraidgiefFallingSpike,1440,96,00245359,0,1,1,4294967295,0,0
KraidgiefFallingSpike,1472,128,00264B99,0,1,1,4294967295,0,0
blockTrapDestructible,128,473,00137DD0,0,1,1,4294967295,0,1
blockTrapDestructible,96,473,00298AF7,0,1,1,4294967295,0,1
block,0,672,00064EAE,0,3,1,4294967295,0,0
block,64,704,002516D9,0,1,3,4294967295,0,0
block,64,800,000A6E6C,0,49,1,4294967295,0,0
block,1504,736,0032089F,0,4,1,4294967295,0,0
block,1504,128,000C4CC0,0,1,19,4294967295,0,0
block,0,64,00056B90,0,1,19,4294967295,0,0
block,0,32,002A74FA,0,3,1,4294967295,0,0
block,64,64,000AD156,0,3,1,4294967295,0,0
block,96,96,0036B24A,0,1,1,4294967295,0,0
block,352,32,000CD508,0,4,1,4294967295,0,0
block,384,64,0022CCBD,0,2,1,4294967295,0,0
block,416,96,0038A498,0,1,1,4294967295,0,0
block,544,32,001A716B,0,1,1,4294967295,0,0
block,608,32,000E0049,0,2,1,4294967295,0,0
block,704,32,001FBFCE,0,6,1,4294967295,0,0
block,736,64,00401117,0,1,1,4294967295,0,0
block,864,64,000AA232,0,5,1,4294967295,0,0
block,960,96,001B307A,0,1,1,4294967295,0,0
block,224,64,001F1F7C,0,1,1,4294967295,0,0
blockTrapDestructible,128,352,000501C6,0,1,1,4294967295,0,1
blockTrapDestructible,160,352,002D12DA,0,1,1,4294967295,0,1
blockTrapDestructible,288,288,0035EB5C,0,1,1,4294967295,0,1
blockTrapDestructible,320,288,0027C413,0,1,1,4294967295,0,1
blockTrapDestructible,480,288,000A3E2B,0,1,1,4294967295,0,1
blockTrapDestructible,512,288,000F2137,0,1,1,4294967295,0,1
blockTrapDestructible,672,288,0023504F,0,1,1,4294967295,0,1
blockTrapDestructible,704,288,00197B3F,0,1,1,4294967295,0,1
block,1152,32,003A5D6D,0,3,1,4294967295,0,0
block,1184,64,003B9183,0,1,1,4294967295,0,0
block,1280,32,0016FDE2,0,2,1,4294967295,0,0
block,1312,64,0036E945,0,6,1,4294967295,0,0
block,1376,96,0001A284,0,1,1,4294967295,0,0
block,1472,96,002D38E5,0,2,1,4294967295,0,0
KraidgiefCeiling,128,352,0039A05C,0,1,1,4294967295,0,0
KraidgiefCeiling,160,352,0005CBFC,0,1,1,4294967295,0,0
KraidgiefCeiling,288,288,002CC0E9,0,1,1,4294967295,0,0
KraidgiefCeiling,320,288,0028976C,0,1,1,4294967295,0,0
KraidgiefCeiling,480,288,002AF07C,0,1,1,4294967295,0,0
KraidgiefCeiling,512,288,000503E1,0,1,1,4294967295,0,0
KraidgiefCeiling,672,288,00297842,0,1,1,4294967295,0,0
KraidgiefCeiling,704,288,000DEC95,0,1,1,4294967295,0,0
KraidgiefCeiling,192,352,0030A0A0,0,1,1,4294967295,0,0
KraidgiefCeiling,224,352,0008A162,0,1,1,4294967295,0,0
KraidgiefCeiling,256,352,003FEB15,0,1,1,4294967295,0,0
KraidgiefCeiling,288,352,00132779,0,1,1,4294967295,0,0
KraidgiefCeiling,320,352,003462A7,0,1,1,4294967295,0,0
KraidgiefCeiling,352,352,00242C02,0,1,1,4294967295,0,0
KraidgiefCeiling,384,352,000D4FDE,0,1,1,4294967295,0,0
KraidgiefCeiling,416,352,002A8C09,0,1,1,4294967295,0,0
KraidgiefCeiling,448,352,0038654E,0,1,1,4294967295,0,0
KraidgiefCeiling,480,352,00331487,0,1,1,4294967295,0,0
KraidgiefCeiling,512,352,001FF104,0,1,1,4294967295,0,0
KraidgiefCeiling,576,352,001A90AF,0,1,1,4294967295,0,0
KraidgiefCeiling,608,352,0019DEA9,0,1,1,4294967295,0,0
KraidgiefCeiling,640,352,002312E6,0,1,1,4294967295,0,0
KraidgiefCeiling,672,352,00134832,0,1,1,4294967295,0,0
KraidgiefCeiling,704,352,0031B9DD,0,1,1,4294967295,0,0
KraidgiefCeiling,736,352,001D073B,0,1,1,4294967295,0,0
KraidgiefCeiling,768,352,00293C80,0,1,1,4294967295,0,0
KraidgiefCeiling,800,352,0005E656,0,1,1,4294967295,0,0
KraidgiefCeiling,544,352,0026BC09,0,1,1,4294967295,0,0
KraidgiefCeiling,800,320,001F2348,0,1,1,4294967295,0,0
KraidgiefCeiling,768,320,003C19C0,0,1,1,4294967295,0,0
KraidgiefCeiling,736,320,002A4EAC,0,1,1,4294967295,0,0
KraidgiefCeiling,704,320,000C3E83,0,1,1,4294967295,0,0
KraidgiefCeiling,672,320,00209BD2,0,1,1,4294967295,0,0
KraidgiefCeiling,640,320,003F51D5,0,1,1,4294967295,0,0
KraidgiefCeiling,608,320,000B8CBC,0,1,1,4294967295,0,0
KraidgiefCeiling,576,320,00078CB7,0,1,1,4294967295,0,0
KraidgiefCeiling,544,320,0023E8BB,0,1,1,4294967295,0,0
KraidgiefCeiling,512,320,001B0FC4,0,1,1,4294967295,0,0
KraidgiefCeiling,480,320,002F7DD8,0,1,1,4294967295,0,0
KraidgiefCeiling,448,320,000E9F97,0,1,1,4294967295,0,0
KraidgiefCeiling,416,320,003133CB,0,1,1,4294967295,0,0
KraidgiefCeiling,384,320,000A74EB,0,1,1,4294967295,0,0
KraidgiefCeiling,352,320,00070B83,0,1,1,4294967295,0,0
KraidgiefCeiling,320,320,0000DC3B,0,1,1,4294967295,0,0
KraidgiefCeiling,288,320,001D4812,0,1,1,4294967295,0,0
KraidgiefCeiling,256,320,003B185D,0,1,1,4294967295,0,0
KraidgiefCeiling,224,320,003C549E,0,1,1,4294967295,0,0
KraidgiefCeiling,192,320,003DAED0,0,1,1,4294967295,0,0
KraidgiefCeiling,160,320,0003D943,0,1,1,4294967295,0,0
KraidgiefCeiling,128,320,00290B01,0,1,1,4294967295,0,0
KraidgiefCeiling,128,288,002B82A8,0,1,1,4294967295,0,0
KraidgiefCeiling,160,288,00292681,0,1,1,4294967295,0,0
KraidgiefCeiling,192,288,0032BB8B,0,1,1,4294967295,0,0
KraidgiefCeiling,224,288,003527B7,0,1,1,4294967295,0,0
KraidgiefCeiling,256,288,00381AE4,0,1,1,4294967295,0,0
KraidgiefCeiling,128,224,0027BEC0,0,1,1,4294967295,0,0
KraidgiefCeiling,160,224,00148D40,0,1,1,4294967295,0,0
KraidgiefCeiling,192,224,003ADA5F,0,1,1,4294967295,0,0
KraidgiefCeiling,224,224,002BF444,0,1,1,4294967295,0,0
KraidgiefCeiling,256,224,001C9409,0,1,1,4294967295,0,0
KraidgiefCeiling,288,224,003E7031,0,1,1,4294967295,0,0
KraidgiefCeiling,320,224,0005CE17,0,1,1,4294967295,0,0
KraidgiefCeiling,352,224,002E21C2,0,1,1,4294967295,0,0
KraidgiefCeiling,384,224,00135464,0,1,1,4294967295,0,0
KraidgiefCeiling,416,224,000758E7,0,1,1,4294967295,0,0
KraidgiefCeiling,448,224,0010BD08,0,1,1,4294967295,0,0
KraidgiefCeiling,480,224,0024284C,0,1,1,4294967295,0,0
KraidgiefCeiling,512,224,000580E7,0,1,1,4294967295,0,0
KraidgiefCeiling,544,224,003296D4,0,1,1,4294967295,0,0
KraidgiefCeiling,576,224,00058F4A,0,1,1,4294967295,0,0
KraidgiefCeiling,608,224,002778C9,0,1,1,4294967295,0,0
KraidgiefCeiling,640,224,003FB1A0,0,1,1,4294967295,0,0
KraidgiefCeiling,672,224,0030E35B,0,1,1,4294967295,0,0
KraidgiefCeiling,704,224,000F6EEB,0,1,1,4294967295,0,0
KraidgiefCeiling,736,224,0003E6A1,0,1,1,4294967295,0,0
KraidgiefCeiling,768,224,00376C12,0,1,1,4294967295,0,0
KraidgiefCeiling,800,224,00224DFF,0,1,1,4294967295,0,0
KraidgiefCeiling,800,256,001455A0,0,1,1,4294967295,0,0
KraidgiefCeiling,768,256,0008A7D1,0,1,1,4294967295,0,0
KraidgiefCeiling,736,256,0039761F,0,1,1,4294967295,0,0
KraidgiefCeiling,704,256,003FD39A,0,1,1,4294967295,0,0
KraidgiefCeiling,672,256,0004A084,0,1,1,4294967295,0,0
KraidgiefCeiling,640,256,003F9C12,0,1,1,4294967295,0,0
KraidgiefCeiling,608,256,001D2601,0,1,1,4294967295,0,0
KraidgiefCeiling,576,256,002E6C89,0,1,1,4294967295,0,0
KraidgiefCeiling,544,256,003A858E,0,1,1,4294967295,0,0
KraidgiefCeiling,512,256,00344441,0,1,1,4294967295,0,0
KraidgiefCeiling,480,256,00054C6F,0,1,1,4294967295,0,0
KraidgiefCeiling,448,256,000C983C,0,1,1,4294967295,0,0
KraidgiefCeiling,416,256,0032813D,0,1,1,4294967295,0,0
KraidgiefCeiling,384,256,000236F9,0,1,1,4294967295,0,0
KraidgiefCeiling,352,256,003E71F5,0,1,1,4294967295,0,0
KraidgiefCeiling,320,256,0015E51E,0,1,1,4294967295,0,0
KraidgiefCeiling,288,256,003CE51E,0,1,1,4294967295,0,0
KraidgiefCeiling,256,256,002F4D66,0,1,1,4294967295,0,0
KraidgiefCeiling,224,256,001D470A,0,1,1,4294967295,0,0
KraidgiefCeiling,192,256,000CC81C,0,1,1,4294967295,0,0
KraidgiefCeiling,160,256,000CB725,0,1,1,4294967295,0,0
KraidgiefCeiling,128,256,00285A5C,0,1,1,4294967295,0,0
KraidgiefCeiling,352,288,0014FAF6,0,1,1,4294967295,0,0
KraidgiefCeiling,384,288,002BB889,0,1,1,4294967295,0,0
KraidgiefCeiling,416,288,002594B4,0,1,1,4294967295,0,0
KraidgiefCeiling,448,288,000CA1C2,0,1,1,4294967295,0,0
KraidgiefCeiling,544,288,0000A5B3,0,1,1,4294967295,0,0
KraidgiefCeiling,576,288,0028B58A,0,1,1,4294967295,0,0
KraidgiefCeiling,608,288,002CED36,0,1,1,4294967295,0,0
KraidgiefCeiling,640,288,0038DD15,0,1,1,4294967295,0,0
KraidgiefCeiling,736,288,003A21E9,0,1,1,4294967295,0,0
KraidgiefCeiling,768,288,002E8B1B,0,1,1,4294967295,0,0
KraidgiefCeiling,800,288,0000234B,0,1,1,4294967295,0,0
blockTrapDestructible,32,576,001A8313,0,1,1,4294967295,0,0
block,128,32,00269F79,0,6,1,4294967295,0,0
block,288,0,00065846,0,3,1,4294967295,0,0
block,448,0,001ACE56,0,9,1,4294967295,0,0
block,992,32,00088A6B,0,2,1,4294967295,0,0
block,1024,0,00223329,0,5,1,4294967295,0,0
block,1216,0,002ACC91,0,3,1,4294967295,0,0
cameraKraid,224,160,0001CBBA,0,1,1,4294967295,0,0
OrbKraidgief,1536,768,0036202B,0,1,1,4294967295,0,0
warp,1600,768,003BAB96,0,1,1,4294967295,0,1
playerStart,70,300,003A2637,0,1,1,4294967295,0,0
trigger,32,577,0005E864,0,1,1,4294967295,0,1
