tileMaster,32,544,896,320,32,64,0,1,1,4294967295
tileMaster,64,544,896,320,32,64,0,1,1,4294967295
tileMaster,224,544,896,320,32,64,0,1,1,4294967295
tileMaster,256,544,896,320,32,64,0,1,1,4294967295
tileMaster,288,544,896,320,32,64,0,1,1,4294967295
tileMaster,320,544,896,320,32,64,0,1,1,4294967295
tileMaster,352,544,896,320,32,64,0,1,1,4294967295
tileMaster,384,544,896,320,32,64,0,1,1,4294967295
tileMaster,416,544,896,320,32,64,0,1,1,4294967295
tileMaster,448,544,896,320,32,64,0,1,1,4294967295
tileMaster,480,544,896,320,32,64,0,1,1,4294967295
tileMaster,672,544,896,320,32,64,0,1,1,4294967295
tileMaster,704,544,896,320,32,64,0,1,1,4294967295
tileMaster,736,544,896,320,32,64,0,1,1,4294967295
tileMaster,768,544,896,320,32,64,0,1,1,4294967295
tileMaster,800,544,896,320,32,64,0,1,1,4294967295
tileMaster,832,544,896,320,32,64,0,1,1,4294967295
tileMaster,864,544,896,320,32,64,0,1,1,4294967295
tileMaster,640,544,896,320,32,64,0,1,1,4294967295
tileMaster,1056,544,896,320,32,64,0,1,1,4294967295
tileMaster,1088,544,896,320,32,64,0,1,1,4294967295
tileMaster,1120,544,896,320,32,64,0,1,1,4294967295
tileMaster,1248,544,896,320,32,64,0,1,1,4294967295
tileMaster,1280,544,896,320,32,64,0,1,1,4294967295
tileMaster,1312,544,896,320,32,64,0,1,1,4294967295
tileMaster,1472,544,896,320,32,64,0,1,1,4294967295
tileMaster,1504,544,896,320,32,64,0,1,1,4294967295
tileMaster,1536,544,896,320,32,64,0,1,1,4294967295
tileMaster,1568,544,896,320,32,64,0,1,1,4294967295
tileMaster,1600,544,896,320,32,64,0,1,1,4294967295
tileMaster,1632,544,896,320,32,64,0,1,1,4294967295
tileMaster,1664,544,896,320,32,64,0,1,1,4294967295
tileMaster,1696,544,896,320,32,64,0,1,1,4294967295
tileMaster,1728,544,896,320,32,64,0,1,1,4294967295
tileMaster,1888,544,896,320,32,64,0,1,1,4294967295
tileMaster,1920,544,896,320,32,64,0,1,1,4294967295
tileMaster,1952,544,896,320,32,64,0,1,1,4294967295
tileMaster,1984,544,896,320,32,64,0,1,1,4294967295
tileMaster,2016,544,896,320,32,64,0,1,1,4294967295
tileMaster,2048,544,896,320,32,64,0,1,1,4294967295
tileMaster,2080,544,896,320,32,64,0,1,1,4294967295
tileMaster,2144,544,896,320,32,64,0,1,1,4294967295
tileMaster,2112,544,896,320,32,64,0,1,1,4294967295
tileMaster,2304,544,896,320,32,64,0,1,1,4294967295
tileMaster,2336,544,896,320,32,64,0,1,1,4294967295
tileMaster,2368,576,896,352,32,32,0,1,1,4294967295
tileMaster,2368,544,896,352,32,32,0,1,1,4294967295
tileMaster,2368,512,896,352,32,32,0,1,1,4294967295
tileMaster,2368,480,896,352,32,32,0,1,1,4294967295
tileMaster,2368,448,896,352,32,32,0,1,1,4294967295
tileMaster,2368,416,896,352,32,32,0,1,1,4294967295
tileMaster,2368,384,896,352,32,32,0,1,1,4294967295
tileMaster,2368,352,896,352,32,32,0,1,1,4294967295
tileMaster,2368,320,896,352,32,32,0,1,1,4294967295
tileMaster,2368,224,896,352,32,32,0,1,1,4294967295
tileMaster,2368,192,896,352,32,32,0,1,1,4294967295
tileMaster,2368,256,896,352,32,32,0,1,1,4294967295
tileMaster,2368,288,896,352,32,32,0,1,1,4294967295
tileMaster,2368,160,896,352,32,32,0,1,1,4294967295
tileMaster,2368,128,896,352,32,32,0,1,1,4294967295
tileMaster,2368,96,896,352,32,32,0,1,1,4294967295
tileMaster,2368,64,896,352,32,32,0,1,1,4294967295
tileMaster,2368,32,896,352,32,32,0,1,1,4294967295
tileMaster,2368,0,896,352,32,32,0,1,1,4294967295
tileMaster,2336,0,896,352,32,32,0,1,1,4294967295
tileMaster,2304,0,896,352,32,32,0,1,1,4294967295
tileMaster,2272,0,896,352,32,32,0,1,1,4294967295
tileMaster,2240,0,896,352,32,32,0,1,1,4294967295
tileMaster,2048,0,896,352,32,32,0,1,1,4294967295
tileMaster,2016,0,896,352,32,32,0,1,1,4294967295
tileMaster,1984,0,896,352,32,32,0,1,1,4294967295
tileMaster,1952,0,896,352,32,32,0,1,1,4294967295
tileMaster,1920,0,896,352,32,32,0,1,1,4294967295
tileMaster,1888,0,896,352,32,32,0,1,1,4294967295
tileMaster,1856,0,896,352,32,32,0,1,1,4294967295
tileMaster,1824,0,896,352,32,32,0,1,1,4294967295
tileMaster,1792,0,896,352,32,32,0,1,1,4294967295
tileMaster,1760,0,896,352,32,32,0,1,1,4294967295
tileMaster,1728,0,896,352,32,32,0,1,1,4294967295
tileMaster,1696,0,896,352,32,32,0,1,1,4294967295
tileMaster,1664,0,896,352,32,32,0,1,1,4294967295
tileMaster,1632,0,896,352,32,32,0,1,1,4294967295
tileMaster,1600,0,896,352,32,32,0,1,1,4294967295
tileMaster,1568,0,896,352,32,32,0,1,1,4294967295
tileMaster,1536,0,896,352,32,32,0,1,1,4294967295
tileMaster,1504,0,896,352,32,32,0,1,1,4294967295
tileMaster,1472,0,896,352,32,32,0,1,1,4294967295
tileMaster,1440,0,896,352,32,32,0,1,1,4294967295
tileMaster,1408,0,896,352,32,32,0,1,1,4294967295
tileMaster,1376,0,896,352,32,32,0,1,1,4294967295
tileMaster,1344,0,896,352,32,32,0,1,1,4294967295
tileMaster,1312,0,896,352,32,32,0,1,1,4294967295
tileMaster,1280,0,896,352,32,32,0,1,1,4294967295
tileMaster,1248,0,896,352,32,32,0,1,1,4294967295
tileMaster,1120,0,896,352,32,32,0,1,1,4294967295
tileMaster,1088,0,896,352,32,32,0,1,1,4294967295
tileMaster,1056,0,896,352,32,32,0,1,1,4294967295
tileMaster,1024,0,896,352,32,32,0,1,1,4294967295
tileMaster,992,0,896,352,32,32,0,1,1,4294967295
tileMaster,960,0,896,352,32,32,0,1,1,4294967295
tileMaster,928,0,896,352,32,32,0,1,1,4294967295
tileMaster,896,0,896,352,32,32,0,1,1,4294967295
tileMaster,864,0,896,352,32,32,0,1,1,4294967295
tileMaster,832,0,896,352,32,32,0,1,1,4294967295
tileMaster,800,0,896,352,32,32,0,1,1,4294967295
tileMaster,768,0,896,352,32,32,0,1,1,4294967295
tileMaster,736,0,896,352,32,32,0,1,1,4294967295
tileMaster,704,0,896,352,32,32,0,1,1,4294967295
tileMaster,672,0,896,352,32,32,0,1,1,4294967295
tileMaster,640,0,896,352,32,32,0,1,1,4294967295
tileMaster,608,0,896,352,32,32,0,1,1,4294967295
tileMaster,576,0,896,352,32,32,0,1,1,4294967295
tileMaster,544,0,896,352,32,32,0,1,1,4294967295
tileMaster,512,0,896,352,32,32,0,1,1,4294967295
tileMaster,480,0,896,352,32,32,0,1,1,4294967295
tileMaster,448,0,896,352,32,32,0,1,1,4294967295
tileMaster,416,0,896,352,32,32,0,1,1,4294967295
tileMaster,384,0,896,352,32,32,0,1,1,4294967295
tileMaster,352,0,896,352,32,32,0,1,1,4294967295
tileMaster,320,0,896,352,32,32,0,1,1,4294967295
tileMaster,288,0,896,352,32,32,0,1,1,4294967295
tileMaster,256,0,896,352,32,32,0,1,1,4294967295
tileMaster,224,0,896,352,32,32,0,1,1,4294967295
tileMaster,192,0,896,352,32,32,0,1,1,4294967295
tileMaster,160,0,896,352,32,32,0,1,1,4294967295
tileMaster,128,0,896,352,32,32,0,1,1,4294967295
tileMaster,96,0,896,352,32,32,0,1,1,4294967295
tileMaster,64,0,896,352,32,32,0,1,1,4294967295
tileMaster,32,0,896,352,32,32,0,1,1,4294967295
tileMaster,0,0,896,352,32,32,0,1,1,4294967295
tileMaster,0,32,896,352,32,32,0,1,1,4294967295
tileMaster,0,64,896,352,32,32,0,1,1,4294967295
tileMaster,0,96,896,352,32,32,0,1,1,4294967295
tileMaster,0,128,896,352,32,32,0,1,1,4294967295
tileMaster,0,160,896,352,32,32,0,1,1,4294967295
tileMaster,0,192,896,352,32,32,0,1,1,4294967295
tileMaster,0,224,896,352,32,32,0,1,1,4294967295
tileMaster,0,256,896,352,32,32,0,1,1,4294967295
tileMaster,0,288,896,352,32,32,0,1,1,4294967295
tileMaster,0,320,896,352,32,32,0,1,1,4294967295
tileMaster,0,352,896,352,32,32,0,1,1,4294967295
tileMaster,0,384,896,352,32,32,0,1,1,4294967295
tileMaster,0,416,896,352,32,32,0,1,1,4294967295
tileMaster,0,448,896,352,32,32,0,1,1,4294967295
tileMaster,0,480,896,352,32,32,0,1,1,4294967295
tileMaster,0,512,896,352,32,32,0,1,1,4294967295
tileMaster,0,544,896,352,32,32,0,1,1,4294967295
tileMaster,0,576,896,352,32,32,0,1,1,4294967295
tileMaster,2208,0,896,352,32,32,0,1,1,4294967295
tileMaster,2176,0,896,352,32,32,0,1,1,4294967295
tileMaster,2144,0,896,352,32,32,0,1,1,4294967295
tileMaster,2112,0,896,352,32,32,0,1,1,4294967295
tileMaster,2080,0,896,352,32,32,0,1,1,4294967295
bgKayinPainting,1088,160,0,0,224,264,0,1,1,4294967295
bgRenexPainting,672,160,0,0,224,264,0,1,1,4294967295
bgRenkoPainting,1920,160,0,0,224,264,0,1,1,4294967295
bgFlooglePainting,1504,160,0,0,224,264,0,1,1,4294967295
tileMaster,1120,32,896,352,32,32,0,1,1,4294967295
tileMaster,1248,32,896,352,32,32,0,1,1,4294967295
tileMaster,960,32,896,352,32,32,0,1,1,4294967295
tileMaster,992,32,896,352,32,32,0,1,1,4294967295
tileMaster,928,32,896,352,32,32,0,1,1,4294967295
tileMaster,1024,32,896,352,32,32,0,1,1,4294967295
tileMaster,960,64,896,352,32,32,0,1,1,4294967295
tileMaster,992,64,896,352,32,32,0,1,1,4294967295
tileMaster,1344,32,896,352,32,32,0,1,1,4294967295
tileMaster,1376,32,896,352,32,32,0,1,1,4294967295
tileMaster,1408,32,896,352,32,32,0,1,1,4294967295
tileMaster,1440,32,896,352,32,32,0,1,1,4294967295
tileMaster,1376,64,896,352,32,32,0,1,1,4294967295
tileMaster,1408,64,896,352,32,32,0,1,1,4294967295
tileMaster,1088,32,896,352,32,32,0,1,1,4294967295
tileMaster,1120,64,896,352,32,32,0,1,1,4294967295
tileMaster,1280,32,896,352,32,32,0,1,1,4294967295
tileMaster,1248,64,896,352,32,32,0,1,1,4294967295
tileMaster,1760,32,896,352,32,32,0,1,1,4294967295
tileMaster,1792,32,896,352,32,32,0,1,1,4294967295
tileMaster,1824,32,896,352,32,32,0,1,1,4294967295
tileMaster,1856,32,896,352,32,32,0,1,1,4294967295
tileMaster,1792,64,896,352,32,32,0,1,1,4294967295
tileMaster,1824,64,896,352,32,32,0,1,1,4294967295
tileMaster,2176,32,896,352,32,32,0,1,1,4294967295
tileMaster,2208,32,896,352,32,32,0,1,1,4294967295
tileMaster,2240,32,896,352,32,32,0,1,1,4294967295
tileMaster,2272,32,896,352,32,32,0,1,1,4294967295
tileMaster,2208,64,896,352,32,32,0,1,1,4294967295
tileMaster,2240,64,896,352,32,32,0,1,1,4294967295
tileMaster,512,32,896,352,32,32,0,1,1,4294967295
tileMaster,544,32,896,352,32,32,0,1,1,4294967295
tileMaster,576,32,896,352,32,32,0,1,1,4294967295
tileMaster,608,32,896,352,32,32,0,1,1,4294967295
tileMaster,544,64,896,352,32,32,0,1,1,4294967295
tileMaster,576,64,896,352,32,32,0,1,1,4294967295
tileMaster,96,32,896,352,32,32,0,1,1,4294967295
tileMaster,128,32,896,352,32,32,0,1,1,4294967295
tileMaster,160,32,896,352,32,32,0,1,1,4294967295
tileMaster,192,32,896,352,32,32,0,1,1,4294967295
tileMaster,128,64,896,352,32,32,0,1,1,4294967295
tileMaster,160,64,896,352,32,32,0,1,1,4294967295
tileMaster,128,480,896,320,32,32,0,1,1,4294967295
tileMaster,160,480,896,320,32,32,0,1,1,4294967295
tileMaster,96,512,896,320,32,32,0,1,1,4294967295
tileMaster,192,512,896,320,32,32,0,1,1,4294967295
tileMaster,544,480,896,320,32,32,0,1,1,4294967295
tileMaster,576,480,896,320,32,32,0,1,1,4294967295
tileMaster,512,512,896,320,32,32,0,1,1,4294967295
tileMaster,608,512,896,320,32,32,0,1,1,4294967295
tileMaster,928,512,896,320,32,32,0,1,1,4294967295
tileMaster,960,480,896,320,32,32,0,1,1,4294967295
tileMaster,992,480,896,320,32,32,0,1,1,4294967295
tileMaster,1024,512,896,320,32,32,0,1,1,4294967295
tileMaster,1344,512,896,320,32,32,0,1,1,4294967295
tileMaster,1376,480,896,320,32,32,0,1,1,4294967295
tileMaster,1408,480,896,320,32,32,0,1,1,4294967295
tileMaster,1440,512,896,320,32,32,0,1,1,4294967295
tileMaster,1792,480,896,320,32,32,0,1,1,4294967295
tileMaster,1824,480,896,320,32,32,0,1,1,4294967295
tileMaster,1760,512,896,320,32,32,0,1,1,4294967295
tileMaster,1856,512,896,320,32,32,0,1,1,4294967295
tileMaster,2208,480,896,320,32,32,0,1,1,4294967295
tileMaster,2240,480,896,320,32,32,0,1,1,4294967295
tileMaster,2176,512,896,320,32,32,0,1,1,4294967295
tileMaster,2272,512,896,320,32,32,0,1,1,4294967295
tileMaster,2176,544,896,352,32,32,0,1,1,4294967295
tileMaster,2176,576,896,352,32,32,0,1,1,4294967295
tileMaster,2208,576,896,352,32,32,0,1,1,4294967295
tileMaster,2240,576,896,352,32,32,0,1,1,4294967295
tileMaster,2272,576,896,352,32,32,0,1,1,4294967295
tileMaster,2272,544,896,352,32,32,0,1,1,4294967295
tileMaster,2240,544,896,352,32,32,0,1,1,4294967295
tileMaster,2208,544,896,352,32,32,0,1,1,4294967295
tileMaster,2208,512,896,352,32,32,0,1,1,4294967295
tileMaster,2240,512,896,352,32,32,0,1,1,4294967295
tileMaster,1760,576,896,352,32,32,0,1,1,4294967295
tileMaster,1792,576,896,352,32,32,0,1,1,4294967295
tileMaster,1824,576,896,352,32,32,0,1,1,4294967295
tileMaster,1856,576,896,352,32,32,0,1,1,4294967295
tileMaster,1856,544,896,352,32,32,0,1,1,4294967295
tileMaster,1824,544,896,352,32,32,0,1,1,4294967295
tileMaster,1792,544,896,352,32,32,0,1,1,4294967295
tileMaster,1760,544,896,352,32,32,0,1,1,4294967295
tileMaster,1792,512,896,352,32,32,0,1,1,4294967295
tileMaster,1824,512,896,352,32,32,0,1,1,4294967295
tileMaster,1344,544,896,352,32,32,0,1,1,4294967295
tileMaster,1344,576,896,352,32,32,0,1,1,4294967295
tileMaster,1376,576,896,352,32,32,0,1,1,4294967295
tileMaster,1408,576,896,352,32,32,0,1,1,4294967295
tileMaster,1440,576,896,352,32,32,0,1,1,4294967295
tileMaster,1440,544,896,352,32,32,0,1,1,4294967295
tileMaster,1376,544,896,352,32,32,0,1,1,4294967295
tileMaster,1376,512,896,352,32,32,0,1,1,4294967295
tileMaster,1408,512,896,352,32,32,0,1,1,4294967295
tileMaster,1408,544,896,352,32,32,0,1,1,4294967295
tileMaster,928,544,896,352,32,32,0,1,1,4294967295
tileMaster,960,544,896,352,32,32,0,1,1,4294967295
tileMaster,992,544,896,352,32,32,0,1,1,4294967295
tileMaster,1024,544,896,352,32,32,0,1,1,4294967295
tileMaster,1024,576,896,352,32,32,0,1,1,4294967295
tileMaster,992,576,896,352,32,32,0,1,1,4294967295
tileMaster,960,576,896,352,32,32,0,1,1,4294967295
tileMaster,928,576,896,352,32,32,0,1,1,4294967295
tileMaster,960,512,896,352,32,32,0,1,1,4294967295
tileMaster,992,512,896,352,32,32,0,1,1,4294967295
tileMaster,896,544,896,320,32,64,0,1,1,4294967295
tileMaster,512,544,896,352,32,32,0,1,1,4294967295
tileMaster,512,576,896,352,32,32,0,1,1,4294967295
tileMaster,544,576,896,352,32,32,0,1,1,4294967295
tileMaster,576,576,896,352,32,32,0,1,1,4294967295
tileMaster,608,576,896,352,32,32,0,1,1,4294967295
tileMaster,608,544,896,352,32,32,0,1,1,4294967295
tileMaster,576,544,896,352,32,32,0,1,1,4294967295
tileMaster,544,544,896,352,32,32,0,1,1,4294967295
tileMaster,544,512,896,352,32,32,0,1,1,4294967295
tileMaster,576,512,896,352,32,32,0,1,1,4294967295
tileMaster,96,544,896,352,32,32,0,1,1,4294967295
tileMaster,96,576,896,352,32,32,0,1,1,4294967295
tileMaster,128,576,896,352,32,32,0,1,1,4294967295
tileMaster,160,576,896,352,32,32,0,1,1,4294967295
tileMaster,192,576,896,352,32,32,0,1,1,4294967295
tileMaster,192,544,896,352,32,32,0,1,1,4294967295
tileMaster,160,544,896,352,32,32,0,1,1,4294967295
tileMaster,128,544,896,352,32,32,0,1,1,4294967295
tileMaster,128,512,896,352,32,32,0,1,1,4294967295
tileMaster,160,512,896,352,32,32,0,1,1,4294967295
tileMaster,128,96,352,32,64,64,0,1,1,4294967295
tileMaster,544,96,352,32,64,64,0,1,1,4294967295
tileMaster,960,96,352,32,64,64,0,1,1,4294967295
tileMaster,1376,96,352,32,64,64,0,1,1,4294967295
tileMaster,1792,96,352,32,64,64,0,1,1,4294967295
tileMaster,2208,96,352,32,64,64,0,1,1,4294967295
tileMaster,128,416,352,96,64,64,0,1,1,4294967295
tileMaster,544,416,352,96,64,64,0,1,1,4294967295
tileMaster,960,416,352,96,64,64,0,1,1,4294967295
tileMaster,1376,416,352,96,64,64,0,1,1,4294967295
tileMaster,1792,416,352,96,64,64,0,1,1,4294967295
tileMaster,2208,416,352,96,64,64,0,1,1,4294967295
tileMaster,128,160,352,96,64,32,0,1,1,4294967295
tileMaster,128,192,352,96,64,32,0,1,1,4294967295
tileMaster,128,224,352,96,64,32,0,1,1,4294967295
tileMaster,128,256,352,96,64,32,0,1,1,4294967295
tileMaster,128,288,352,96,64,32,0,1,1,4294967295
tileMaster,128,320,352,96,64,32,0,1,1,4294967295
tileMaster,128,352,352,96,64,32,0,1,1,4294967295
tileMaster,128,384,352,96,64,32,0,1,1,4294967295
tileMaster,544,160,352,96,64,32,0,1,1,4294967295
tileMaster,544,192,352,96,64,32,0,1,1,4294967295
tileMaster,544,224,352,96,64,32,0,1,1,4294967295
tileMaster,544,256,352,96,64,32,0,1,1,4294967295
tileMaster,544,288,352,96,64,32,0,1,1,4294967295
tileMaster,544,320,352,96,64,32,0,1,1,4294967295
tileMaster,544,352,352,96,64,32,0,1,1,4294967295
tileMaster,544,384,352,96,64,32,0,1,1,4294967295
tileMaster,960,160,352,96,64,32,0,1,1,4294967295
tileMaster,960,192,352,96,64,32,0,1,1,4294967295
tileMaster,960,224,352,96,64,32,0,1,1,4294967295
tileMaster,960,256,352,96,64,32,0,1,1,4294967295
tileMaster,960,288,352,96,64,32,0,1,1,4294967295
tileMaster,960,320,352,96,64,32,0,1,1,4294967295
tileMaster,960,352,352,96,64,32,0,1,1,4294967295
tileMaster,960,384,352,96,64,32,0,1,1,4294967295
tileMaster,1376,160,352,96,64,32,0,1,1,4294967295
tileMaster,1376,192,352,96,64,32,0,1,1,4294967295
tileMaster,1376,224,352,96,64,32,0,1,1,4294967295
tileMaster,1376,256,352,96,64,32,0,1,1,4294967295
tileMaster,1376,288,352,96,64,32,0,1,1,4294967295
tileMaster,1376,320,352,96,64,32,0,1,1,4294967295
tileMaster,1376,352,352,96,64,32,0,1,1,4294967295
tileMaster,1376,384,352,96,64,32,0,1,1,4294967295
tileMaster,1792,160,352,96,64,32,0,1,1,4294967295
tileMaster,1792,192,352,96,64,32,0,1,1,4294967295
tileMaster,1792,224,352,96,64,32,0,1,1,4294967295
tileMaster,1792,256,352,96,64,32,0,1,1,4294967295
tileMaster,1792,288,352,96,64,32,0,1,1,4294967295
tileMaster,1792,320,352,96,64,32,0,1,1,4294967295
tileMaster,1792,352,352,96,64,32,0,1,1,4294967295
tileMaster,1792,384,352,96,64,32,0,1,1,4294967295
tileMaster,2208,160,352,96,64,32,0,1,1,4294967295
tileMaster,2208,192,352,96,64,32,0,1,1,4294967295
tileMaster,2208,224,352,96,64,32,0,1,1,4294967295
tileMaster,2208,256,352,96,64,32,0,1,1,4294967295
tileMaster,2208,288,352,96,64,32,0,1,1,4294967295
tileMaster,2208,320,352,96,64,32,0,1,1,4294967295
tileMaster,2208,352,352,96,64,32,0,1,1,4294967295
tileMaster,2208,384,352,96,64,32,0,1,1,4294967295
tileMaster,608,320,320,448,32,32,0,1,1,4294967295
tileMaster,928,320,320,448,32,32,0,1,1,4294967295
tileMaster,1024,320,320,448,32,32,0,1,1,4294967295
tileMaster,512,320,320,448,32,32,0,1,1,4294967295
tileMaster,192,320,320,448,32,32,0,1,1,4294967295
tileMaster,96,320,320,448,32,32,0,1,1,4294967295
tileMaster,1344,320,320,448,32,32,0,1,1,4294967295
tileMaster,1440,320,320,448,32,32,0,1,1,4294967295
tileMaster,1760,320,320,448,32,32,0,1,1,4294967295
tileMaster,1856,320,320,448,32,32,0,1,1,4294967295
tileMaster,2176,320,320,448,32,32,0,1,1,4294967295
tileMaster,2272,320,320,448,32,32,0,1,1,4294967295
tileMaster,2194,-128,256,608,96,96,0,1,1,4294967295
tileMaster,800,608,896,352,32,32,0,1,1,4294967295
tileMaster,1568,608,896,352,32,32,0,1,1,4294967295
tileMaster,832,608,896,352,32,32,0,1,1,4294967295
tileMaster,864,608,896,352,32,32,0,1,1,4294967295
tileMaster,896,608,896,352,32,32,0,1,1,4294967295
tileMaster,928,608,896,352,32,32,0,1,1,4294967295
tileMaster,960,608,896,352,32,32,0,1,1,4294967295
tileMaster,992,608,896,352,32,32,0,1,1,4294967295
tileMaster,1024,608,896,352,32,32,0,1,1,4294967295
tileMaster,1056,608,896,352,32,32,0,1,1,4294967295
tileMaster,1088,608,896,352,32,32,0,1,1,4294967295
tileMaster,1120,608,896,352,32,32,0,1,1,4294967295
tileMaster,1248,608,896,352,32,32,0,1,1,4294967295
tileMaster,1280,608,896,352,32,32,0,1,1,4294967295
tileMaster,1312,608,896,352,32,32,0,1,1,4294967295
tileMaster,1344,608,896,352,32,32,0,1,1,4294967295
tileMaster,1376,608,896,352,32,32,0,1,1,4294967295
tileMaster,1408,608,896,352,32,32,0,1,1,4294967295
tileMaster,1440,608,896,352,32,32,0,1,1,4294967295
tileMaster,1472,608,896,352,32,32,0,1,1,4294967295
tileMaster,1504,608,896,352,32,32,0,1,1,4294967295
tileMaster,1536,608,896,352,32,32,0,1,1,4294967295
tileMaster,1152,608,896,352,32,32,0,1,1,4294967295
tileMaster,1184,608,896,352,32,32,0,1,1,4294967295
tileMaster,1216,608,896,352,32,32,0,1,1,4294967295
tileMaster,1152,544,896,320,32,32,0,1,1,4294967295
tileMaster,1184,544,896,320,32,32,0,1,1,4294967295
tileMaster,1216,544,896,320,32,32,0,1,1,4294967295
tileMaster,1152,576,896,352,32,32,0,1,1,4294967295
tileMaster,1184,576,896,352,32,32,0,1,1,4294967295
tileMaster,1216,576,896,352,32,32,0,1,1,4294967295
tileMaster,0,608,896,352,32,32,0,1,1,4294967295
tileMaster,32,608,896,352,32,32,0,1,1,4294967295
tileMaster,64,608,896,352,32,32,0,1,1,4294967295
tileMaster,96,608,896,352,32,32,0,1,1,4294967295
tileMaster,128,608,896,352,32,32,0,1,1,4294967295
tileMaster,160,608,896,352,32,32,0,1,1,4294967295
tileMaster,192,608,896,352,32,32,0,1,1,4294967295
tileMaster,224,608,896,352,32,32,0,1,1,4294967295
tileMaster,256,608,896,352,32,32,0,1,1,4294967295
tileMaster,288,608,896,352,32,32,0,1,1,4294967295
tileMaster,320,608,896,352,32,32,0,1,1,4294967295
tileMaster,352,608,896,352,32,32,0,1,1,4294967295
tileMaster,384,608,896,352,32,32,0,1,1,4294967295
tileMaster,416,608,896,352,32,32,0,1,1,4294967295
tileMaster,448,608,896,352,32,32,0,1,1,4294967295
tileMaster,480,608,896,352,32,32,0,1,1,4294967295
tileMaster,512,608,896,352,32,32,0,1,1,4294967295
tileMaster,544,608,896,352,32,32,0,1,1,4294967295
tileMaster,576,608,896,352,32,32,0,1,1,4294967295
tileMaster,608,608,896,352,32,32,0,1,1,4294967295
tileMaster,640,608,896,352,32,32,0,1,1,4294967295
tileMaster,672,608,896,352,32,32,0,1,1,4294967295
tileMaster,704,608,896,352,32,32,0,1,1,4294967295
tileMaster,736,608,896,352,32,32,0,1,1,4294967295
tileMaster,768,608,896,352,32,32,0,1,1,4294967295
tileMaster,1600,608,896,352,32,32,0,1,1,4294967295
tileMaster,1632,608,896,352,32,32,0,1,1,4294967295
tileMaster,1664,608,896,352,32,32,0,1,1,4294967295
tileMaster,1696,608,896,352,32,32,0,1,1,4294967295
tileMaster,1728,608,896,352,32,32,0,1,1,4294967295
tileMaster,1760,608,896,352,32,32,0,1,1,4294967295
tileMaster,1792,608,896,352,32,32,0,1,1,4294967295
tileMaster,1824,608,896,352,32,32,0,1,1,4294967295
tileMaster,1856,608,896,352,32,32,0,1,1,4294967295
tileMaster,1888,608,896,352,32,32,0,1,1,4294967295
tileMaster,1920,608,896,352,32,32,0,1,1,4294967295
tileMaster,1952,608,896,352,32,32,0,1,1,4294967295
tileMaster,1984,608,896,352,32,32,0,1,1,4294967295
tileMaster,2016,608,896,352,32,32,0,1,1,4294967295
tileMaster,2048,608,896,352,32,32,0,1,1,4294967295
tileMaster,2080,608,896,352,32,32,0,1,1,4294967295
tileMaster,2112,608,896,352,32,32,0,1,1,4294967295
tileMaster,2144,608,896,352,32,32,0,1,1,4294967295
tileMaster,2176,608,896,352,32,32,0,1,1,4294967295
tileMaster,2208,608,896,352,32,32,0,1,1,4294967295
tileMaster,2240,608,896,352,32,32,0,1,1,4294967295
tileMaster,2272,608,896,352,32,32,0,1,1,4294967295
tileMaster,2304,608,896,352,32,32,0,1,1,4294967295
tileMaster,2336,608,896,352,32,32,0,1,1,4294967295
tileMaster,2368,608,896,352,32,32,0,1,1,4294967295
tileMaster,0,-32,896,352,32,32,0,1,1,4294967295
tileMaster,32,-32,896,352,32,32,0,1,1,4294967295
tileMaster,64,-32,896,352,32,32,0,1,1,4294967295
tileMaster,96,-32,896,352,32,32,0,1,1,4294967295
tileMaster,128,-32,896,352,32,32,0,1,1,4294967295
tileMaster,160,-32,896,352,32,32,0,1,1,4294967295
tileMaster,192,-32,896,352,32,32,0,1,1,4294967295
tileMaster,224,-32,896,352,32,32,0,1,1,4294967295
tileMaster,256,-32,896,352,32,32,0,1,1,4294967295
tileMaster,288,-32,896,352,32,32,0,1,1,4294967295
tileMaster,320,-32,896,352,32,32,0,1,1,4294967295
tileMaster,352,-32,896,352,32,32,0,1,1,4294967295
tileMaster,384,-32,896,352,32,32,0,1,1,4294967295
tileMaster,416,-32,896,352,32,32,0,1,1,4294967295
tileMaster,448,-32,896,352,32,32,0,1,1,4294967295
tileMaster,480,-32,896,352,32,32,0,1,1,4294967295
tileMaster,512,-32,896,352,32,32,0,1,1,4294967295
tileMaster,544,-32,896,352,32,32,0,1,1,4294967295
tileMaster,576,-32,896,352,32,32,0,1,1,4294967295
tileMaster,608,-32,896,352,32,32,0,1,1,4294967295
tileMaster,768,-32,896,352,32,32,0,1,1,4294967295
tileMaster,736,-32,896,352,32,32,0,1,1,4294967295
tileMaster,704,-32,896,352,32,32,0,1,1,4294967295
tileMaster,672,-32,896,352,32,32,0,1,1,4294967295
tileMaster,640,-32,896,352,32,32,0,1,1,4294967295
tileMaster,1600,-32,896,352,32,32,0,1,1,4294967295
tileMaster,1632,-32,896,352,32,32,0,1,1,4294967295
tileMaster,1664,-32,896,352,32,32,0,1,1,4294967295
tileMaster,1696,-32,896,352,32,32,0,1,1,4294967295
tileMaster,1728,-32,896,352,32,32,0,1,1,4294967295
tileMaster,1760,-32,896,352,32,32,0,1,1,4294967295
tileMaster,1792,-32,896,352,32,32,0,1,1,4294967295
tileMaster,1824,-32,896,352,32,32,0,1,1,4294967295
tileMaster,1856,-32,896,352,32,32,0,1,1,4294967295
tileMaster,1888,-32,896,352,32,32,0,1,1,4294967295
tileMaster,1920,-32,896,352,32,32,0,1,1,4294967295
tileMaster,1952,-32,896,352,32,32,0,1,1,4294967295
tileMaster,1984,-32,896,352,32,32,0,1,1,4294967295
tileMaster,2016,-32,896,352,32,32,0,1,1,4294967295
tileMaster,2048,-32,896,352,32,32,0,1,1,4294967295
tileMaster,2080,-32,896,352,32,32,0,1,1,4294967295
tileMaster,2112,-32,896,352,32,32,0,1,1,4294967295
tileMaster,2144,-32,896,352,32,32,0,1,1,4294967295
tileMaster,2176,-32,896,352,32,32,0,1,1,4294967295
tileMaster,2208,-32,896,352,32,32,0,1,1,4294967295
tileMaster,2240,-32,896,352,32,32,0,1,1,4294967295
tileMaster,2272,-32,896,352,32,32,0,1,1,4294967295
tileMaster,2304,-32,896,352,32,32,0,1,1,4294967295
tileMaster,2336,-32,896,352,32,32,0,1,1,4294967295
tileMaster,2368,-32,896,352,32,32,0,1,1,4294967295
tileMaster,800,-32,896,352,32,32,0,1,1,4294967295
tileMaster,832,-32,896,352,32,32,0,1,1,4294967295
tileMaster,864,-32,896,352,32,32,0,1,1,4294967295
tileMaster,896,-32,896,352,32,32,0,1,1,4294967295
tileMaster,928,-32,896,352,32,32,0,1,1,4294967295
tileMaster,960,-32,896,352,32,32,0,1,1,4294967295
tileMaster,992,-32,896,352,32,32,0,1,1,4294967295
tileMaster,1024,-32,896,352,32,32,0,1,1,4294967295
tileMaster,1056,-32,896,352,32,32,0,1,1,4294967295
tileMaster,1088,-32,896,352,32,32,0,1,1,4294967295
tileMaster,1120,-32,896,352,32,32,0,1,1,4294967295
tileMaster,1248,-32,896,352,32,32,0,1,1,4294967295
tileMaster,1280,-32,896,352,32,32,0,1,1,4294967295
tileMaster,1312,-32,896,352,32,32,0,1,1,4294967295
tileMaster,1344,-32,896,352,32,32,0,1,1,4294967295
tileMaster,1376,-32,896,352,32,32,0,1,1,4294967295
tileMaster,1408,-32,896,352,32,32,0,1,1,4294967295
tileMaster,1440,-32,896,352,32,32,0,1,1,4294967295
tileMaster,1472,-32,896,352,32,32,0,1,1,4294967295
tileMaster,1504,-32,896,352,32,32,0,1,1,4294967295
tileMaster,1536,-32,896,352,32,32,0,1,1,4294967295
tileMaster,1568,-32,896,352,32,32,0,1,1,4294967295
bgDev,1120,-128,0,0,128,128,0,1,1,4294967295
