spikeLeft,768,416,001F4AF5,0,1,1,4294967295,0,0
spikeLeft,768,384,0007551E,0,1,1,4294967295,0,0
spikeRight,-288,384,0015CA60,0,1,1,4294967295,0,0
spikeRight,-288,416,001182E4,0,1,1,4294967295,0,0
spikeRight,0,992,0003EC3D,0,1,1,4294967295,0,0
spikeRight,0,1024,000FF681,0,1,1,4294967295,0,0
spikeLeft,768,992,003610DC,0,1,1,4294967295,0,0
spikeLeft,768,1024,0020CABF,0,1,1,4294967295,0,0
GuyHead,380,962,003053A1,0,1,1,4294967295,0,0
GlAsshole,402,292,0022FC0E,0,1,1,4294967295,0,0
Glass1,378,202,000BF27F,0,1,1,4294967295,0,0
Glass2,420,208,0035BFC5,0,1,1,4294967295,0,0
Glass3,418,253,0031CE96,0,1,1,4294967295,0,0
Glass4,373,295,00224304,0,1,1,4294967295,0,0
Glass5,307,209,0002CD4D,0,1,1,4294967295,0,0
block,0,64,003E43DD,0,1,9,4294967295,0,0
block,768,64,00381133,0,1,9,4294967295,0,0
block,768,352,0031FD47,0,2,1,4294967295,0,0
block,704,448,00378B8B,0,4,1,4294967295,0,0
block,704,480,00141769,0,1,3,4294967295,0,0
block,64,480,003D4A42,0,1,3,4294967295,0,0
block,-32,384,00164AF1,0,1,2,4294967295,0,0
block,800,384,000A56AF,0,1,2,4294967295,0,0
block,0,640,000E6380,0,1,10,4294967295,0,0
block,0,608,0029D0E4,0,25,1,4294967295,0,0
block,768,640,0039FBD3,0,1,10,4294967295,0,0
block,768,960,001729E6,0,2,1,4294967295,0,0
block,64,672,003C48AC,0,21,1,4294967295,0,0
block,64,1088,001E94CB,0,1,3,4294967295,0,0
block,704,1088,000803B4,0,1,3,4294967295,0,0
block,704,1056,0000FA21,0,4,1,4294967295,0,0
block,0,32,00023B6C,0,25,1,4294967295,0,0
block,-32,448,00077A89,0,4,1,4294967295,0,0
block,-32,352,002D087D,0,2,1,4294967295,0,0
block,64,576,00331EF3,0,21,1,4294967295,0,0
block,64,1184,000475C4,0,21,1,4294967295,0,0
block,-32,1056,000D04B0,0,4,1,4294967295,0,0
block,-32,992,003C63C6,0,1,2,4294967295,0,0
block,-32,960,004044A7,0,2,1,4294967295,0,0
block,800,992,003CEA65,0,1,2,4294967295,0,0
WalljumpL,0,320,0012EB08,0,1,1,4294967295,0,0
WalljumpL,0,288,0000F9EF,0,1,1,4294967295,0,0
WalljumpL,0,256,0017A094,0,1,1,4294967295,0,0
WalljumpL,0,224,00238EDE,0,1,1,4294967295,0,0
WalljumpL,0,192,001149D2,0,1,1,4294967295,0,0
WalljumpL,0,160,001896A7,0,1,1,4294967295,0,0
WalljumpL,0,128,0036DC23,0,1,1,4294967295,0,0
WalljumpL,0,64,0007DB98,0,1,1,4294967295,0,0
WalljumpL,0,96,001204A7,0,1,1,4294967295,0,0
WalljumpR,768,352,0027188A,0,1,1,4294967295,0,0
WalljumpR,768,320,00217AE0,0,1,1,4294967295,0,0
WalljumpR,768,288,002836D6,0,1,1,4294967295,0,0
WalljumpR,768,256,003F7A50,0,1,1,4294967295,0,0
WalljumpR,768,224,00391747,0,1,1,4294967295,0,0
WalljumpR,768,192,0026912D,0,1,1,4294967295,0,0
WalljumpR,768,160,000E053D,0,1,1,4294967295,0,0
WalljumpR,768,128,003BFAE8,0,1,1,4294967295,0,0
WalljumpR,768,96,0021D7EC,0,1,1,4294967295,0,0
WalljumpR,768,64,00148678,0,1,1,4294967295,0,0
WalljumpL,0,352,0015431D,0,1,1,4294967295,0,0
WalljumpL,0,672,001DF81D,0,1,1,4294967295,0,0
WalljumpL,0,704,003F9ADB,0,1,1,4294967295,0,0
WalljumpL,0,736,00174C12,0,1,1,4294967295,0,0
WalljumpL,0,768,003968F6,0,1,1,4294967295,0,0
WalljumpL,0,800,0022D61D,0,1,1,4294967295,0,0
WalljumpL,0,832,0015CFBB,0,1,1,4294967295,0,0
WalljumpL,0,864,000E6EA9,0,1,1,4294967295,0,0
WalljumpL,0,896,00036253,0,1,1,4294967295,0,0
WalljumpL,0,928,00005FEF,0,1,1,4294967295,0,0
WalljumpL,0,960,0006144E,0,1,1,4294967295,0,0
WalljumpR,768,672,002D27CD,0,1,1,4294967295,0,0
WalljumpR,768,704,002432CA,0,1,1,4294967295,0,0
WalljumpR,768,736,000E5A4A,0,1,1,4294967295,0,0
WalljumpR,768,768,00345ADB,0,1,1,4294967295,0,0
WalljumpR,768,800,000035F3,0,1,1,4294967295,0,0
WalljumpR,768,832,0010F670,0,1,1,4294967295,0,0
WalljumpR,768,864,000A7A27,0,1,1,4294967295,0,0
WalljumpR,768,896,003D4B1D,0,1,1,4294967295,0,0
WalljumpR,768,928,000D2AA0,0,1,1,4294967295,0,0
WalljumpR,768,960,0014ABB4,0,1,1,4294967295,0,0
GuyFirst,724,447,0012E31A,0,1,1,4294967295,0,0
platform,144,1073,00325E61,0,1,1,4294967295,0,0
platform,624,1073,0003751B,0,1,1,4294967295,0,0
Geye,335,981,000A12A5,0,1,1,4294967295,0,0
Geye,465,981,003A25DD,0,1,1,4294967295,0,0
Guybrow,335,942,001BA5CB,0,1,1,4294967295,0,0
Guybrow,465,942,0015824D,0,1,1,4294967295,0,1
GuyDarkness,0,608,000E8F76,0,1,1,4294967295,0,0
playerStart,0,416,002D631D,0,1,1,4294967295,0,0
