CollageIntro,-176,2144,002FDD39,0,1,1,4294967295,0,0
spikeUp,1036,1717,0026190B,0,1,1,4294967295,0,0
titleCtrl,256,371,0034F69A,0,1,1,4294967295,0,0
TitleKid,653,407,00081290,0,1,1,4294967295,0,0
MONKY,385,1649,00243DC1,0,1,1,4294967295,0,0
NatsCat,1055,2504,002B309C,0,1,1,4294967295,0,0
TitleClearOwata,752,407,00201F1E,0,1,1,4294967295,0,0
TitleClearBoshy,624,311,002059D6,0,1,1,4294967295,0,0
TitleClearDotkid,580,415,0004E089,0,1,1,4294967295,0,0
TitleClearVic,564,372,002CB93E,0,1,1,4294967295,0,0
