spikeUp,0,576,003A8CB0,0,1,1,4294967295,0,0
spikeUp,32,576,0001D20B,0,1,1,4294967295,0,0
spikeUp,64,576,003639F2,0,1,1,4294967295,0,0
spikeUp,96,576,0011C856,0,1,1,4294967295,0,0
spikeUp,128,576,0024068B,0,1,1,4294967295,0,0
spikeUp,160,576,002008D9,0,1,1,4294967295,0,0
spikeUp,192,576,002A95B1,0,1,1,4294967295,0,0
spikeUp,224,576,00209051,0,1,1,4294967295,0,0
spikeUp,256,576,0016580D,0,1,1,4294967295,0,0
spikeUp,288,576,001B0F9F,0,1,1,4294967295,0,0
spikeUp,320,576,000D6D2E,0,1,1,4294967295,0,0
spikeUp,352,576,0039D8AA,0,1,1,4294967295,0,0
spikeUp,384,576,00265B36,0,1,1,4294967295,0,0
spikeUp,416,576,003D834C,0,1,1,4294967295,0,0
spikeUp,448,576,002EF686,0,1,1,4294967295,0,0
spikeUp,512,576,002AD3FC,0,1,1,4294967295,0,0
spikeUp,480,576,003D9B4B,0,1,1,4294967295,0,0
spikeUp,576,576,0007C71A,0,1,1,4294967295,0,0
spikeUp,544,576,0037334D,0,1,1,4294967295,0,0
spikeUp,608,576,0020027C,0,1,1,4294967295,0,0
spikeUp,640,576,00151E01,0,1,1,4294967295,0,0
spikeUp,672,576,00142B7E,0,1,1,4294967295,0,0
spikeUp,704,576,003D5F33,0,1,1,4294967295,0,0
spikeUp,736,576,002FC1FE,0,1,1,4294967295,0,0
spikeUp,768,576,0039E509,0,1,1,4294967295,0,0
spikeUp,928,480,00219A0B,0,1,1,4294967295,0,0
spikeUp,960,480,0033918D,0,1,1,4294967295,0,0
spikeUp,992,480,001361DE,0,1,1,4294967295,0,0
spikeUp,1056,416,0035CFA6,0,1,1,4294967295,0,0
spikeUp,1152,480,00277420,0,1,1,4294967295,0,0
spikeUp,1216,480,00306678,0,1,1,4294967295,0,0
spikeUp,1120,419,003300BF,0,1,1,4294967295,0,0
spikeUp,1440,416,0012C975,0,1,1,4294967295,0,0
spikeDown,1120,345,0018CA1B,0,1,1,4294967295,0,0
spikeDown,1312,410,002C1B44,0,1,1,4294967295,0,0
ClownCar,680,-204,0032F237,0,1,1,4294967295,0,0
spikeDown,832,192,0031AB98,0,1,1,4294967295,0,0
spikeDown,864,192,0013DB51,0,1,1,4294967295,0,0
spikeDown,896,192,001920D8,0,1,1,4294967295,0,0
spikeDown,928,192,000B4991,0,1,1,4294967295,0,0
spikeDown,960,192,0004705B,0,1,1,4294967295,0,0
spikeDown,992,192,0007CC62,0,1,1,4294967295,0,0
spikeDown,1024,192,000ED258,0,1,1,4294967295,0,0
spikeDown,1088,192,0038B34C,0,1,1,4294967295,0,0
spikeDown,1152,192,000F9ECA,0,1,1,4294967295,0,0
spikeDown,1184,192,002D1886,0,1,1,4294967295,0,0
spikeDown,1216,192,000CC878,0,1,1,4294967295,0,0
spikeDown,1248,192,0028A5BD,0,1,1,4294967295,0,0
spikeDown,1280,192,001A03E9,0,1,1,4294967295,0,0
spikeDown,1376,192,003968E0,0,1,1,4294967295,0,0
spikeDown,1408,192,002EBA57,0,1,1,4294967295,0,0
spikeDown,1472,192,0019BBCA,0,1,1,4294967295,0,0
spikeDown,1504,192,00110051,0,1,1,4294967295,0,0
spikeDown,1536,192,000CE0C3,0,1,1,4294967295,0,0
BowserFloor,32,512,0036B121,0,1,1,4294967295,0,0
BowserFloor,768,512,002C3CD5,0,1,1,4294967295,0,0
block,800,512,002C8F63,0,16,1,4294967295,0,0
block,800,160,000187A6,0,1,9,4294967295,0,0
block,800,128,003171C2,0,25,1,4294967295,0,0
block,1120,160,002902CF,0,1,5,4294967295,0,0
block,1568,160,00288AEC,0,1,8,4294967295,0,0
block,1568,416,003003B7,0,2,1,4294967295,0,0
block,1120,314,0017EADC,0,1,1,4294967295,0,0
block,1440,448,000C2D94,0,1,2,4294967295,0,0
block,1120,448,002E9B11,0,1,2,4294967295,0,0
block,1056,448,000FE2A8,0,1,2,4294967295,0,0
block,1376,512,0011AC48,0,8,1,4294967295,0,0
block,704,544,00151BFB,0,1,3,4294967295,0,0
block,64,512,0039C05A,0,21,1,4294967295,0,0
block,64,544,00016CFE,0,1,3,4294967295,0,0
block,-32,448,003A03EB,0,1,6,4294967295,0,0
block,1312,160,001A0813,0,1,8,4294967295,0,0
block,-32,0,00329871,0,1,11,4294967295,0,0
block,-32,-32,00114914,0,27,1,4294967295,0,0
block,800,0,003E6558,0,1,4,4294967295,0,0
block,800,544,0025D171,0,1,3,4294967295,0,0
block,1312,544,001AD391,0,3,1,4294967295,0,0
FallingCeilingSpike,1312,160,003F746A,0,1,1,4294967295,0,0
FallingCeilingSpike,1344,192,0005F6ED,0,1,1,4294967295,0,0
cameraHard,32,96,003DD094,0,1,1,4294967295,0,0
BowserWall,800,448,00000FBB,0,1,1,4294967295,0,0
BowserWall,800,480,00388ECF,0,1,1,4294967295,0,0
FallingCeiling,800,160,003E859A,0,1,1,4294967295,0,0
FallingCeiling,832,160,00272F33,0,1,1,4294967295,0,0
FallingCeiling,864,160,00147F1D,0,1,1,4294967295,0,0
FallingCeiling,896,160,000243B5,0,1,1,4294967295,0,0
FallingCeiling,928,160,001D17FB,0,1,1,4294967295,0,0
FallingCeiling,960,160,00398C1A,0,1,1,4294967295,0,0
FallingCeiling,992,160,0001BEDD,0,1,1,4294967295,0,0
FallingCeiling,1024,160,000EBDAA,0,1,1,4294967295,0,0
FallingCeiling,1056,160,003D1F95,0,1,1,4294967295,0,0
FallingCeiling,1088,160,00166EB0,0,1,1,4294967295,0,0
FallingCeiling,1120,160,002E8152,0,1,1,4294967295,0,0
FallingCeiling,1152,160,003BD19D,0,1,1,4294967295,0,0
FallingCeiling,1184,160,003DC39A,0,1,1,4294967295,0,0
FallingCeiling,1216,160,003CA06E,0,1,1,4294967295,0,0
FallingCeiling,1248,160,00233987,0,1,1,4294967295,0,0
FallingCeiling,1280,160,003F0257,0,1,1,4294967295,0,0
FallingCeiling,1312,160,000904CB,0,1,1,4294967295,0,0
FallingCeiling,1344,160,003EC1BE,0,1,1,4294967295,0,0
FallingCeiling,1376,160,0032D3E5,0,1,1,4294967295,0,0
FallingCeiling,1408,160,00246901,0,1,1,4294967295,0,0
FallingCeiling,1440,160,0037F433,0,1,1,4294967295,0,0
FallingCeiling,1472,160,0013A414,0,1,1,4294967295,0,0
FallingCeiling,1504,160,000F9037,0,1,1,4294967295,0,0
FallingCeiling,1536,160,003AC9EE,0,1,1,4294967295,0,0
FallingCeiling,1568,160,00195691,0,1,1,4294967295,0,0
FallingCeilingSwitch,1312,512,001E8622,0,1,1,4294967295,0,0
warp,1600,448,00015AC0,0,1,1,4294967295,0,1
BowserWall,-32,384,0017766E,0,1,1,4294967295,0,0
BowserWall,-32,416,00395DB6,0,1,1,4294967295,0,0
BowserWall,-32,352,00226B37,0,1,1,4294967295,0,0
warp,-35,352,003798FC,0,1,1,4294967295,0,1
JumpRefresher,400,384,F6BBE2FC,0,1,1,4294967295,0,1
playerStart,0,480,0030E1B8,0,1,1,4294967295,0,0
blockKill,0,608,0006FF68,0,2,1,4294967295,0,0
blockKill,736,608,00077090,0,2,1,4294967295,0,0
trigger,864,252,001883D8,0,1,1,4294967295,0,1
