tileMaster,32,544,0,32,32,32,0,1,1,4294967295
tileMaster,64,544,0,32,32,32,0,1,1,4294967295
tileMaster,96,544,0,32,32,32,0,1,1,4294967295
tileMaster,128,544,0,32,32,32,0,1,1,4294967295
tileMaster,160,544,0,32,32,32,0,1,1,4294967295
tileMaster,192,544,0,32,32,32,0,1,1,4294967295
tileMaster,224,544,0,32,32,32,0,1,1,4294967295
tileMaster,256,544,0,32,32,32,0,1,1,4294967295
tileMaster,288,544,0,32,32,32,0,1,1,4294967295
tileMaster,320,544,0,32,32,32,0,1,1,4294967295
tileMaster,352,544,0,32,32,32,0,1,1,4294967295
tileMaster,384,544,0,32,32,32,0,1,1,4294967295
tileMaster,416,544,0,32,32,32,0,1,1,4294967295
tileMaster,448,544,0,32,32,32,0,1,1,4294967295
tileMaster,480,544,0,32,32,32,0,1,1,4294967295
tileMaster,512,544,0,32,32,32,0,1,1,4294967295
tileMaster,544,544,0,32,32,32,0,1,1,4294967295
tileMaster,576,544,0,32,32,32,0,1,1,4294967295
tileMaster,608,544,0,32,32,32,0,1,1,4294967295
tileMaster,640,544,0,32,32,32,0,1,1,4294967295
tileMaster,672,544,0,32,32,32,0,1,1,4294967295
tileMaster,704,544,0,32,32,32,0,1,1,4294967295
tileMaster,736,544,0,32,32,32,0,1,1,4294967295
tileMaster,768,544,0,32,32,32,0,1,1,4294967295
tileMaster,0,544,0,32,32,32,0,1,1,4294967295
tileMaster,-32,544,0,32,32,32,0,1,1,4294967295
tileMaster,-32,576,32,32,32,32,0,1,1,4294967295
tileMaster,0,576,32,32,32,32,0,1,1,4294967295
tileMaster,32,576,32,32,32,32,0,1,1,4294967295
tileMaster,64,576,32,32,32,32,0,1,1,4294967295
tileMaster,96,576,32,32,32,32,0,1,1,4294967295
tileMaster,128,576,32,32,32,32,0,1,1,4294967295
tileMaster,160,576,32,32,32,32,0,1,1,4294967295
tileMaster,192,576,32,32,32,32,0,1,1,4294967295
tileMaster,224,576,32,32,32,32,0,1,1,4294967295
tileMaster,256,576,32,32,32,32,0,1,1,4294967295
tileMaster,288,576,32,32,32,32,0,1,1,4294967295
tileMaster,320,576,32,32,32,32,0,1,1,4294967295
tileMaster,352,576,32,32,32,32,0,1,1,4294967295
tileMaster,384,576,32,32,32,32,0,1,1,4294967295
tileMaster,416,576,32,32,32,32,0,1,1,4294967295
tileMaster,448,576,32,32,32,32,0,1,1,4294967295
tileMaster,480,576,32,32,32,32,0,1,1,4294967295
tileMaster,512,576,32,32,32,32,0,1,1,4294967295
tileMaster,544,576,32,32,32,32,0,1,1,4294967295
tileMaster,576,576,32,32,32,32,0,1,1,4294967295
tileMaster,608,576,32,32,32,32,0,1,1,4294967295
tileMaster,640,576,32,32,32,32,0,1,1,4294967295
tileMaster,672,576,32,32,32,32,0,1,1,4294967295
tileMaster,704,576,32,32,32,32,0,1,1,4294967295
tileMaster,736,576,32,32,32,32,0,1,1,4294967295
tileMaster,768,576,32,32,32,32,0,1,1,4294967295
