tileMaster,192,1824,64,64,32,32,0,1,1,4294967295
tileMaster,224,1824,64,64,32,32,0,1,1,4294967295
tileMaster,256,1824,64,64,32,32,0,1,1,4294967295
tileMaster,288,1824,64,64,32,32,0,1,1,4294967295
tileMaster,320,1824,64,64,32,32,0,1,1,4294967295
tileMaster,352,1824,64,64,32,32,0,1,1,4294967295
tileMaster,384,1824,64,64,32,32,0,1,1,4294967295
tileMaster,416,1824,64,64,32,32,0,1,1,4294967295
tileMaster,448,1824,64,64,32,32,0,1,1,4294967295
tileMaster,480,1824,64,64,32,32,0,1,1,4294967295
tileMaster,512,1824,64,64,32,32,0,1,1,4294967295
tileMaster,544,1824,64,64,32,32,0,1,1,4294967295
tileMaster,576,1824,64,64,32,32,0,1,1,4294967295
