tileMaster,928,1344,0,128,96,104,0,1,1,4294967295
tileMaster,928,1448,0,128,96,104,0,1,1,4294967295
tileMaster,928,1552,0,128,96,104,0,1,1,4294967295
tileMaster,928,1656,0,128,96,104,0,1,1,4294967295
tileMaster,928,1760,0,128,96,104,0,1,1,4294967295
tileMaster,928,1864,0,128,96,104,0,1,1,4294967295
tileMaster,1440,1344,0,128,96,104,0,1,1,4294967295
tileMaster,1440,1448,0,128,96,104,0,1,1,4294967295
tileMaster,1440,1552,0,128,96,104,0,1,1,4294967295
tileMaster,1440,1656,0,128,96,104,0,1,1,4294967295
tileMaster,1440,1760,0,128,96,104,0,1,1,4294967295
tileMaster,1440,1864,0,128,96,104,0,1,1,4294967295
tileMaster,928,1968,0,128,96,32,0,1,1,4294967295
tileMaster,1440,1968,0,128,96,32,0,1,1,4294967295
bgBroccoli,845,1169,0,0,111,175,0,1,1,4294967295
bgBroccoli,1218,1175,0,0,111,175,0,1,1,4294967295
bgBroccoli,1442,1175,0,0,111,175,0,1,1,4294967295
bgMegaman,32,2112,0,0,128,128,0,1,1,4294967295
bgMegaman,32,2240,0,0,128,128,0,1,1,4294967295
bgMegaman,32,2368,0,0,128,128,0,1,1,4294967295
bgMegaman,32,2496,0,0,128,128,0,1,1,4294967295
bgMegaman,160,2112,0,0,128,128,0,1,1,4294967295
bgMegaman,160,2240,0,0,128,128,0,1,1,4294967295
bgMegaman,160,2368,0,0,128,128,0,1,1,4294967295
bgMegaman,288,2112,0,0,128,128,0,1,1,4294967295
bgMegaman,288,2240,0,0,128,128,0,1,1,4294967295
bgMegaman,288,2368,0,0,128,128,0,1,1,4294967295
bgMegaman,416,2112,0,0,128,128,0,1,1,4294967295
bgMegaman,416,2240,0,0,128,128,0,1,1,4294967295
bgMegaman,416,2368,0,0,128,128,0,1,1,4294967295
bgMegaman,416,2496,0,0,128,128,0,1,1,4294967295
bgMegaman,416,2624,0,0,128,128,0,1,1,4294967295
bgMegaman,544,2112,0,0,128,128,0,1,1,4294967295
bgMegaman,544,2240,0,0,128,128,0,1,1,4294967295
bgMegaman,544,2368,0,0,128,128,0,1,1,4294967295
bgMegaman,544,2496,0,0,128,128,0,1,1,4294967295
bgMegaman,544,2624,0,0,128,128,0,1,1,4294967295
bgMegaman,672,2112,0,0,128,128,0,1,1,4294967295
bgMegaman,672,2240,0,0,128,128,0,1,1,4294967295
bgMegaman,672,2368,0,0,128,128,0,1,1,4294967295
bgMegaman,672,2496,0,0,128,128,0,1,1,4294967295
bgMegaman,672,2624,0,0,128,128,0,1,1,4294967295
bgMegaman,800,2112,0,0,128,128,0,1,1,4294967295
bgMegaman,800,2240,0,0,128,128,0,1,1,4294967295
bgMegaman,800,2368,0,0,128,128,0,1,1,4294967295
bgMegaman,800,2496,0,0,128,128,0,1,1,4294967295
bgMegaman,800,2624,0,0,128,128,0,1,1,4294967295
bgMegaman,928,2112,0,0,128,128,0,1,1,4294967295
bgMegaman,928,2240,0,0,128,128,0,1,1,4294967295
bgMegaman,928,2368,0,0,128,128,0,1,1,4294967295
bgMegaman,928,2496,0,0,128,128,0,1,1,4294967295
bgMegaman,928,2624,0,0,128,128,0,1,1,4294967295
bgMegaman,1056,2112,0,0,128,128,0,1,1,4294967295
bgMegaman,1056,2240,0,0,128,128,0,1,1,4294967295
bgMegaman,1056,2368,0,0,128,128,0,1,1,4294967295
bgMegaman,1056,2496,0,0,128,128,0,1,1,4294967295
bgMegaman,1056,2624,0,0,128,128,0,1,1,4294967295
bgMegaman,1184,2112,0,0,128,128,0,1,1,4294967295
bgMegaman,1184,2240,0,0,128,128,0,1,1,4294967295
bgMegaman,1184,2368,0,0,128,128,0,1,1,4294967295
bgMegaman,1184,2496,0,0,128,128,0,1,1,4294967295
bgMegaman,1184,2624,0,0,128,128,0,1,1,4294967295
bgMegaman,1312,2112,0,0,128,128,0,1,1,4294967295
bgMegaman,1312,2240,0,0,128,128,0,1,1,4294967295
bgMegaman,1312,2368,0,0,128,128,0,1,1,4294967295
bgMegaman,1312,2496,0,0,128,128,0,1,1,4294967295
bgMegaman,1312,2624,0,0,128,128,0,1,1,4294967295
bgMegaman,1440,2112,0,0,128,128,0,1,1,4294967295
bgMegaman,1440,2240,0,0,128,128,0,1,1,4294967295
bgMegaman,1440,2368,0,0,128,128,0,1,1,4294967295
bgMegaman,1440,2496,0,0,128,128,0,1,1,4294967295
bgMegaman,1440,2624,0,0,128,128,0,1,1,4294967295
bgMegaman,1568,2112,0,0,128,128,0,1,1,4294967295
bgMegaman,1568,2240,0,0,128,128,0,1,1,4294967295
bgMegaman,1568,2368,0,0,128,128,0,1,1,4294967295
bgMegaman,1568,2496,0,0,128,128,0,1,1,4294967295
bgMegaman,1568,2624,0,0,128,128,0,1,1,4294967295
tileMaster,64,2144,224,128,32,96,0,1,1,4294967295
tileMaster,64,2240,224,128,32,32,0,1,1,4294967295
tileMaster,32,2432,224,128,64,32,0,1,1,4294967295
tileMaster,32,2560,224,128,96,96,0,1,1,4294967295
tileMaster,32,2656,224,128,96,64,0,1,1,4294967295
tileMaster,128,2560,224,128,96,96,0,1,1,4294967295
tileMaster,192,2432,224,128,96,96,0,1,1,4294967295
tileMaster,288,2432,224,128,96,96,0,1,1,4294967295
tileMaster,384,2432,224,128,32,96,0,1,1,4294967295
tileMaster,192,2528,224,128,32,32,0,1,1,4294967295
tileMaster,224,2528,224,128,96,96,0,1,1,4294967295
tileMaster,320,2528,224,128,96,96,0,1,1,4294967295
tileMaster,224,2624,224,128,96,96,0,1,1,4294967295
tileMaster,320,2624,224,128,96,96,0,1,1,4294967295
tileMaster,128,2656,224,128,96,96,0,1,1,4294967295
tileMaster,1632,2688,224,128,96,32,0,1,1,4294967295
tileMaster,1728,2688,224,128,32,32,0,1,1,4294967295
bgKraidgiefBroccoli,1920,2528,0,0,111,175,0,1,1,4294967295
bgKraidgiefBroccoli,2208,2528,0,0,111,175,0,1,1,4294967295
tileMaster,1472,3456,224,224,192,64,0,1,1,4294967295
tileMaster,896,2944,224,224,192,64,0,1,1,4294967295
tileMaster,1184,2944,224,224,192,64,0,1,1,4294967295
tileMaster,1472,2944,224,224,192,64,0,1,1,4294967295
tileMaster,1728,2880,480,160,64,32,0,1,1,4294967295
tileMaster,1728,2912,480,160,64,32,0,1,1,4294967295
tileMaster,1728,2944,480,160,64,32,0,1,1,4294967295
tileMaster,1728,2976,480,160,64,32,0,1,1,4294967295
tileMaster,1728,3008,480,160,64,32,0,1,1,4294967295
tileMaster,1728,3040,480,160,64,32,0,1,1,4294967295
tileMaster,1728,3072,480,160,64,32,0,1,1,4294967295
tileMaster,1728,3104,480,160,64,32,0,1,1,4294967295
tileMaster,1728,3136,480,160,64,32,0,1,1,4294967295
tileMaster,1664,3392,800,224,96,96,0,1,1,4294967295
bgKarnovPainting,224,5312,0,0,224,264,0,1,1,4294967295
bgBossPainting,672,5312,0,0,224,264,0,1,1,4294967295
bgScroogePainting,1120,5312,0,0,224,264,0,1,1,4294967295
bgBisonPainting,1568,5312,0,0,224,264,0,1,1,4294967295
bgKenshiroPainting,2016,5312,0,0,224,264,0,1,1,4294967295
bgHarryPainting,2464,5312,0,0,224,264,0,1,1,4294967295
bgGuyPainting,2912,5312,0,0,224,264,0,1,1,4294967295
tileMaster,1376,4096,0,352,32,32,0,1,1,4294967295
tileMaster,1792,4096,0,352,32,32,0,1,1,4294967295
tileMaster,1824,4096,0,352,32,32,0,1,1,4294967295
tileMaster,1856,4096,0,352,32,32,0,1,1,4294967295
tileMaster,1120,4096,0,352,32,32,0,1,1,4294967295
tileMaster,704,4096,0,352,32,32,0,1,1,4294967295
tileMaster,672,4096,0,352,32,32,0,1,1,4294967295
tileMaster,736,4096,0,352,32,32,0,1,1,4294967295
tileMaster,2272,3328,832,384,192,32,0,1,1,4294967295
tileMaster,2272,3360,832,384,192,32,0,1,1,4294967295
tileMaster,2272,3392,832,384,192,32,0,1,1,4294967295
tileMaster,2272,3424,832,384,192,32,0,1,1,4294967295
tileMaster,2272,3456,832,384,192,32,0,1,1,4294967295
tileMaster,1972,2911,832,448,192,192,0,1,1,4294967295
bgBroccoli,2310,1765,0,0,111,175,0,1,1,4294967295
bgBroccoli,2534,1605,0,0,111,175,0,1,1,4294967295
bgBroccoli,2982,1605,0,0,111,175,0,1,1,4294967295
bgBroccoli,2566,1093,0,0,111,175,0,1,1,4294967295
bgMegaman,1696,2112,0,0,64,128,0,1,1,4294967295
bgMegaman,1696,2240,0,0,64,128,0,1,1,4294967295
bgMegaman,1696,2368,0,0,64,128,0,1,1,4294967295
bgMegaman,1696,2496,0,0,64,128,0,1,1,4294967295
bgMegaman,1696,2624,0,0,64,128,0,1,1,4294967295
bgCartParallax1,32,3968,0,0,640,128,0,1,1,4294967295
bgCartParallax1,672,3968,0,0,640,128,0,1,1,4294967295
bgCartParallax1,1312,3968,0,0,640,128,0,1,1,4294967295
bgCartParallax1,1952,3968,0,0,640,128,0,1,1,4294967295
tileMaster,320,4768,0,416,32,32,0,1,1,4294967295
tileMaster,544,4768,0,416,32,32,0,1,1,4294967295
bgBroccoli,3238,1413,0,0,111,175,0,1,1,4294967295
bgBroccoli,2822,933,0,0,111,175,0,1,1,4294967295
bgBroccoli,2950,933,0,0,111,175,0,1,1,4294967295
tileMaster,3712,3168,128,288,32,32,0,1,1,4294967295
tileMaster,3712,3200,128,288,32,32,0,1,1,4294967295
tileMaster,3712,3232,128,288,32,32,0,1,1,4294967295
tileMaster,960,3120,896,0,96,96,0,1,1,4294967295
tileMaster,1248,3120,896,0,96,96,0,1,1,4294967295
tileMaster,1536,3120,896,0,96,96,0,1,1,4294967295
tileMaster,1536,3312,896,64,96,64,0,1,1,4294967295
tileMaster,1248,3312,896,64,96,64,0,1,1,4294967295
tileMaster,960,3312,896,64,96,64,0,1,1,4294967295
tileMaster,960,3216,896,64,96,32,0,1,1,4294967295
tileMaster,960,3248,896,64,96,32,0,1,1,4294967295
tileMaster,960,3280,896,64,96,32,0,1,1,4294967295
tileMaster,1248,3216,896,64,96,32,0,1,1,4294967295
tileMaster,1248,3248,896,64,96,32,0,1,1,4294967295
tileMaster,1248,3280,896,64,96,32,0,1,1,4294967295
tileMaster,1536,3216,896,64,96,32,0,1,1,4294967295
tileMaster,1536,3248,896,64,96,32,0,1,1,4294967295
tileMaster,1536,3280,896,64,96,32,0,1,1,4294967295
tileMaster,1408,3104,352,32,64,64,0,1,1,4294967295
tileMaster,1120,3104,352,32,64,64,0,1,1,4294967295
tileMaster,1120,3168,352,96,64,32,0,1,1,4294967295
tileMaster,1120,3200,352,96,64,32,0,1,1,4294967295
tileMaster,1120,3232,352,96,64,32,0,1,1,4294967295
tileMaster,1120,3264,352,96,64,32,0,1,1,4294967295
tileMaster,1120,3296,352,96,64,32,0,1,1,4294967295
tileMaster,1120,3328,352,96,64,32,0,1,1,4294967295
tileMaster,1408,3168,352,96,64,32,0,1,1,4294967295
tileMaster,1408,3200,352,96,64,32,0,1,1,4294967295
tileMaster,1408,3232,352,96,64,32,0,1,1,4294967295
tileMaster,1408,3264,352,96,64,32,0,1,1,4294967295
tileMaster,1408,3296,352,96,64,32,0,1,1,4294967295
tileMaster,1408,3328,352,96,64,32,0,1,1,4294967295
tileMaster,1120,3360,352,96,64,64,0,1,1,4294967295
tileMaster,1408,3360,352,96,64,64,0,1,1,4294967295
