bgBroccoli,1346,1175,0,0,111,175,0,1,1,4294967295
tileMaster,864,3072,928,320,64,64,0,1,1,4294967295
tileMaster,864,3136,928,320,64,64,0,1,1,4294967295
tileMaster,864,3200,928,320,64,64,0,1,1,4294967295
tileMaster,864,3264,928,320,64,64,0,1,1,4294967295
tileMaster,864,3328,928,320,64,64,0,1,1,4294967295
tileMaster,864,3392,928,320,64,64,0,1,1,4294967295
tileMaster,928,3072,928,320,64,64,0,1,1,4294967295
tileMaster,928,3136,928,320,64,64,0,1,1,4294967295
tileMaster,928,3200,928,320,64,64,0,1,1,4294967295
tileMaster,928,3264,928,320,64,64,0,1,1,4294967295
tileMaster,928,3328,928,320,64,64,0,1,1,4294967295
tileMaster,928,3392,928,320,64,64,0,1,1,4294967295
tileMaster,992,3072,928,320,64,64,0,1,1,4294967295
tileMaster,992,3136,928,320,64,64,0,1,1,4294967295
tileMaster,992,3200,928,320,64,64,0,1,1,4294967295
tileMaster,992,3264,928,320,64,64,0,1,1,4294967295
tileMaster,992,3328,928,320,64,64,0,1,1,4294967295
tileMaster,992,3392,928,320,64,64,0,1,1,4294967295
tileMaster,1056,3072,928,320,64,64,0,1,1,4294967295
tileMaster,1056,3136,928,320,64,64,0,1,1,4294967295
tileMaster,1056,3200,928,320,64,64,0,1,1,4294967295
tileMaster,1056,3264,928,320,64,64,0,1,1,4294967295
tileMaster,1056,3328,928,320,64,64,0,1,1,4294967295
tileMaster,1056,3392,928,320,64,64,0,1,1,4294967295
tileMaster,1120,3072,928,320,64,64,0,1,1,4294967295
tileMaster,1120,3136,928,320,64,64,0,1,1,4294967295
tileMaster,1120,3200,928,320,64,64,0,1,1,4294967295
tileMaster,1120,3264,928,320,64,64,0,1,1,4294967295
tileMaster,1120,3328,928,320,64,64,0,1,1,4294967295
tileMaster,1120,3392,928,320,64,64,0,1,1,4294967295
tileMaster,1184,3424,928,320,64,64,0,1,1,4294967295
tileMaster,1184,3072,928,320,64,64,0,1,1,4294967295
tileMaster,1184,3136,928,320,64,64,0,1,1,4294967295
tileMaster,1184,3200,928,320,64,64,0,1,1,4294967295
tileMaster,1184,3264,928,320,64,64,0,1,1,4294967295
tileMaster,1184,3328,928,320,64,64,0,1,1,4294967295
tileMaster,1184,3392,928,320,64,64,0,1,1,4294967295
tileMaster,1248,3072,928,320,64,64,0,1,1,4294967295
tileMaster,1248,3136,928,320,64,64,0,1,1,4294967295
tileMaster,1248,3200,928,320,64,64,0,1,1,4294967295
tileMaster,1248,3264,928,320,64,64,0,1,1,4294967295
tileMaster,1248,3328,928,320,64,64,0,1,1,4294967295
tileMaster,1248,3392,928,320,64,64,0,1,1,4294967295
tileMaster,1312,3072,928,320,64,64,0,1,1,4294967295
tileMaster,1312,3136,928,320,64,64,0,1,1,4294967295
tileMaster,1312,3200,928,320,64,64,0,1,1,4294967295
tileMaster,1312,3264,928,320,64,64,0,1,1,4294967295
tileMaster,1312,3328,928,320,64,64,0,1,1,4294967295
tileMaster,1312,3392,928,320,64,64,0,1,1,4294967295
tileMaster,1376,3072,928,320,64,64,0,1,1,4294967295
tileMaster,1440,3072,928,320,64,64,0,1,1,4294967295
tileMaster,1504,3072,928,320,64,64,0,1,1,4294967295
tileMaster,1568,3072,928,320,64,64,0,1,1,4294967295
tileMaster,1632,3072,928,320,64,64,0,1,1,4294967295
tileMaster,1376,3136,928,320,64,64,0,1,1,4294967295
tileMaster,1440,3136,928,320,64,64,0,1,1,4294967295
tileMaster,1504,3136,928,320,64,64,0,1,1,4294967295
tileMaster,1568,3136,928,320,64,64,0,1,1,4294967295
tileMaster,1632,3136,928,320,64,64,0,1,1,4294967295
tileMaster,1376,3200,928,320,64,64,0,1,1,4294967295
tileMaster,1440,3200,928,320,64,64,0,1,1,4294967295
tileMaster,1504,3200,928,320,64,64,0,1,1,4294967295
tileMaster,1568,3200,928,320,64,64,0,1,1,4294967295
tileMaster,1376,3264,928,320,64,64,0,1,1,4294967295
tileMaster,1440,3264,928,320,64,64,0,1,1,4294967295
tileMaster,1504,3264,928,320,64,64,0,1,1,4294967295
tileMaster,1568,3264,928,320,64,64,0,1,1,4294967295
tileMaster,1376,3328,928,320,64,64,0,1,1,4294967295
tileMaster,1440,3328,928,320,64,64,0,1,1,4294967295
tileMaster,1504,3328,928,320,64,64,0,1,1,4294967295
tileMaster,1568,3328,928,320,64,64,0,1,1,4294967295
tileMaster,1376,3392,928,320,64,64,0,1,1,4294967295
tileMaster,1440,3392,928,320,64,64,0,1,1,4294967295
tileMaster,1504,3392,928,320,64,64,0,1,1,4294967295
tileMaster,1568,3392,928,320,64,64,0,1,1,4294967295
tileMaster,896,2880,608,64,64,64,0,1,1,4294967295
tileMaster,960,2880,608,64,64,64,0,1,1,4294967295
tileMaster,1024,2880,608,64,64,64,0,1,1,4294967295
tileMaster,1088,2880,608,64,64,64,0,1,1,4294967295
tileMaster,1152,2880,608,64,64,64,0,1,1,4294967295
tileMaster,1216,2880,608,64,64,64,0,1,1,4294967295
tileMaster,1280,2880,608,64,64,64,0,1,1,4294967295
tileMaster,1344,2880,608,64,64,64,0,1,1,4294967295
tileMaster,1408,2880,608,64,64,64,0,1,1,4294967295
tileMaster,1472,2880,608,64,64,64,0,1,1,4294967295
tileMaster,1536,2880,608,64,64,64,0,1,1,4294967295
tileMaster,1600,2880,608,64,64,64,0,1,1,4294967295
tileMaster,896,2944,608,64,64,64,0,1,1,4294967295
tileMaster,960,2944,608,64,64,64,0,1,1,4294967295
tileMaster,1024,2944,608,64,64,64,0,1,1,4294967295
tileMaster,1088,2944,608,64,64,64,0,1,1,4294967295
tileMaster,1152,2944,608,64,64,64,0,1,1,4294967295
tileMaster,1216,2944,608,64,64,64,0,1,1,4294967295
tileMaster,1280,2944,608,64,64,64,0,1,1,4294967295
tileMaster,1344,2944,608,64,64,64,0,1,1,4294967295
tileMaster,1408,2944,608,64,64,64,0,1,1,4294967295
tileMaster,1472,2944,608,64,64,64,0,1,1,4294967295
tileMaster,1536,2944,608,64,64,64,0,1,1,4294967295
tileMaster,1600,2944,608,64,64,64,0,1,1,4294967295
tileMaster,896,3008,608,64,64,64,0,1,1,4294967295
tileMaster,960,3008,608,64,64,64,0,1,1,4294967295
tileMaster,1024,3008,608,64,64,64,0,1,1,4294967295
tileMaster,1088,3008,608,64,64,64,0,1,1,4294967295
tileMaster,1152,3008,608,64,64,64,0,1,1,4294967295
tileMaster,1216,3008,608,64,64,64,0,1,1,4294967295
tileMaster,1280,3008,608,64,64,64,0,1,1,4294967295
tileMaster,1344,3008,608,64,64,64,0,1,1,4294967295
tileMaster,1408,3008,608,64,64,64,0,1,1,4294967295
tileMaster,1472,3008,608,64,64,64,0,1,1,4294967295
tileMaster,1536,3008,608,64,64,64,0,1,1,4294967295
tileMaster,1600,3008,608,64,64,64,0,1,1,4294967295
tileMaster,1088,3456,608,64,64,64,0,1,1,4294967295
tileMaster,1152,3456,608,64,64,64,0,1,1,4294967295
tileMaster,1376,3456,608,64,64,64,0,1,1,4294967295
tileMaster,1440,3456,608,64,64,64,0,1,1,4294967295
tileMaster,448,3456,608,64,64,64,0,1,1,4294967295
tileMaster,32,3456,608,64,64,64,0,1,1,4294967295
tileMaster,1664,3392,352,160,128,32,0,1,1,4294967295
tileMaster,1696,3424,352,160,128,32,0,1,1,4294967295
tileMaster,1728,3456,352,160,128,32,0,1,1,4294967295
tileMaster,1632,3200,928,320,32,64,0,1,1,4294967295
tileMaster,1632,3264,928,320,32,64,0,1,1,4294967295
tileMaster,1632,3328,928,320,32,64,0,1,1,4294967295
tileMaster,3680,3680,160,0,32,64,0,1,1,4294967295
tileMaster,3680,3744,160,0,32,64,0,1,1,4294967295
tileMaster,3680,3808,160,0,32,64,0,1,1,4294967295
tileMaster,3680,3872,160,0,32,64,0,1,1,4294967295
tileMaster,3680,3936,160,0,32,64,0,1,1,4294967295
tileMaster,3712,3680,160,0,32,64,0,1,1,4294967295
tileMaster,3712,3744,160,0,32,64,0,1,1,4294967295
tileMaster,3712,3808,160,0,32,64,0,1,1,4294967295
tileMaster,3712,3872,160,0,32,64,0,1,1,4294967295
tileMaster,3712,3936,160,0,32,64,0,1,1,4294967295
tileMaster,3872,3680,160,0,32,64,0,1,1,4294967295
tileMaster,3872,3744,160,0,32,64,0,1,1,4294967295
tileMaster,3872,3808,160,0,32,64,0,1,1,4294967295
tileMaster,3872,3872,160,0,32,64,0,1,1,4294967295
tileMaster,3872,3936,160,0,32,64,0,1,1,4294967295
tileMaster,3904,3680,160,0,32,64,0,1,1,4294967295
tileMaster,3904,3744,160,0,32,64,0,1,1,4294967295
tileMaster,3904,3808,160,0,32,64,0,1,1,4294967295
tileMaster,3904,3872,160,0,32,64,0,1,1,4294967295
tileMaster,3904,3936,160,0,32,64,0,1,1,4294967295
tileMaster,3680,4000,416,320,32,64,0,1,1,4294967295
tileMaster,3712,4000,416,320,32,64,0,1,1,4294967295
tileMaster,3712,4064,416,320,32,64,0,1,1,4294967295
tileMaster,3712,4128,416,320,32,64,0,1,1,4294967295
tileMaster,3712,4192,416,320,32,64,0,1,1,4294967295
tileMaster,3680,4064,416,320,32,64,0,1,1,4294967295
tileMaster,3680,4128,416,320,32,64,0,1,1,4294967295
tileMaster,3680,4192,416,320,32,64,0,1,1,4294967295
tileMaster,3872,4000,416,320,32,64,0,1,1,4294967295
tileMaster,3872,4064,416,320,32,64,0,1,1,4294967295
tileMaster,3872,4128,416,320,32,64,0,1,1,4294967295
tileMaster,3872,4192,416,320,32,64,0,1,1,4294967295
tileMaster,3904,4000,416,320,32,64,0,1,1,4294967295
tileMaster,3904,4064,416,320,32,64,0,1,1,4294967295
tileMaster,3904,4128,416,320,32,64,0,1,1,4294967295
tileMaster,3904,4192,416,320,32,64,0,1,1,4294967295
tileMaster,3680,4288,160,0,32,64,0,1,1,4294967295
tileMaster,3680,4352,160,0,32,64,0,1,1,4294967295
tileMaster,3712,4288,160,0,32,64,0,1,1,4294967295
tileMaster,3712,4352,160,0,32,64,0,1,1,4294967295
tileMaster,3872,4288,160,0,32,64,0,1,1,4294967295
tileMaster,3872,4352,160,0,32,64,0,1,1,4294967295
tileMaster,3904,4288,160,0,32,64,0,1,1,4294967295
tileMaster,3904,4352,160,0,32,64,0,1,1,4294967295
tileMaster,3648,4288,128,64,32,32,0,1,1,4294967295
tileMaster,3648,4320,128,64,32,32,0,1,1,4294967295
tileMaster,3648,4352,128,64,32,32,0,1,1,4294967295
tileMaster,3648,4384,128,64,32,32,0,1,1,4294967295
tileMaster,3648,4416,128,64,32,32,0,1,1,4294967295
tileMaster,3680,4416,128,64,32,32,0,1,1,4294967295
tileMaster,3712,4416,128,64,32,32,0,1,1,4294967295
tileMaster,3744,4416,128,64,32,32,0,1,1,4294967295
tileMaster,3776,4416,128,64,32,32,0,1,1,4294967295
tileMaster,3808,4416,128,64,32,32,0,1,1,4294967295
tileMaster,3840,4416,128,64,32,32,0,1,1,4294967295
tileMaster,3872,4416,128,64,32,32,0,1,1,4294967295
tileMaster,3904,4416,128,64,32,32,0,1,1,4294967295
tileMaster,3936,4416,128,64,32,32,0,1,1,4294967295
tileMaster,3936,4384,128,64,32,32,0,1,1,4294967295
tileMaster,3936,4352,128,64,32,32,0,1,1,4294967295
tileMaster,3936,4320,128,64,32,32,0,1,1,4294967295
tileMaster,3936,4288,128,64,32,32,0,1,1,4294967295
tileMaster,3840,4288,128,64,32,32,0,1,1,4294967295
tileMaster,3808,4288,128,64,32,32,0,1,1,4294967295
tileMaster,3776,4288,128,64,32,32,0,1,1,4294967295
tileMaster,3744,4288,128,64,32,32,0,1,1,4294967295
tileMaster,3744,4320,128,64,32,32,0,1,1,4294967295
tileMaster,3744,4352,128,64,32,32,0,1,1,4294967295
tileMaster,3744,4384,128,64,32,32,0,1,1,4294967295
tileMaster,3776,4384,128,64,32,32,0,1,1,4294967295
tileMaster,3808,4384,128,64,32,32,0,1,1,4294967295
tileMaster,3840,4384,128,64,32,32,0,1,1,4294967295
tileMaster,3840,4352,128,64,32,32,0,1,1,4294967295
tileMaster,3840,4320,128,64,32,32,0,1,1,4294967295
tileMaster,3808,4320,128,64,32,32,0,1,1,4294967295
tileMaster,3776,4320,128,64,32,32,0,1,1,4294967295
tileMaster,3776,4352,128,64,32,32,0,1,1,4294967295
tileMaster,3808,4352,128,64,32,32,0,1,1,4294967295
tileMaster,3648,3680,128,64,32,32,0,1,1,4294967295
tileMaster,3648,3712,128,64,32,32,0,1,1,4294967295
tileMaster,3648,3744,128,64,32,32,0,1,1,4294967295
tileMaster,3648,3776,128,64,32,32,0,1,1,4294967295
tileMaster,3648,3808,128,64,32,32,0,1,1,4294967295
tileMaster,3648,3840,128,64,32,32,0,1,1,4294967295
tileMaster,3648,3872,128,64,32,32,0,1,1,4294967295
tileMaster,3648,3904,128,64,32,32,0,1,1,4294967295
tileMaster,3648,3936,128,64,32,32,0,1,1,4294967295
tileMaster,3744,3680,128,64,32,32,0,1,1,4294967295
tileMaster,3776,3680,128,64,32,32,0,1,1,4294967295
tileMaster,3808,3680,128,64,32,32,0,1,1,4294967295
tileMaster,3840,3680,128,64,32,32,0,1,1,4294967295
tileMaster,3840,3712,128,64,32,32,0,1,1,4294967295
tileMaster,3840,3744,128,64,32,32,0,1,1,4294967295
tileMaster,3840,3776,128,64,32,32,0,1,1,4294967295
tileMaster,3840,3808,128,64,32,32,0,1,1,4294967295
tileMaster,3840,3840,128,64,32,32,0,1,1,4294967295
tileMaster,3840,3872,128,64,32,32,0,1,1,4294967295
tileMaster,3840,3904,128,64,32,32,0,1,1,4294967295
tileMaster,3840,3936,128,64,32,32,0,1,1,4294967295
tileMaster,3808,3936,128,64,32,32,0,1,1,4294967295
tileMaster,3776,3936,128,64,32,32,0,1,1,4294967295
tileMaster,3744,3936,128,64,32,32,0,1,1,4294967295
tileMaster,3744,3904,128,64,32,32,0,1,1,4294967295
tileMaster,3744,3872,128,64,32,32,0,1,1,4294967295
tileMaster,3744,3840,128,64,32,32,0,1,1,4294967295
tileMaster,3744,3808,128,64,32,32,0,1,1,4294967295
tileMaster,3744,3776,128,64,32,32,0,1,1,4294967295
tileMaster,3744,3744,128,64,32,32,0,1,1,4294967295
tileMaster,3744,3712,128,64,32,32,0,1,1,4294967295
tileMaster,3776,3712,128,64,32,32,0,1,1,4294967295
tileMaster,3808,3712,128,64,32,32,0,1,1,4294967295
tileMaster,3808,3744,128,64,32,32,0,1,1,4294967295
tileMaster,3808,3776,128,64,32,32,0,1,1,4294967295
tileMaster,3808,3808,128,64,32,32,0,1,1,4294967295
tileMaster,3808,3840,128,64,32,32,0,1,1,4294967295
tileMaster,3808,3872,128,64,32,32,0,1,1,4294967295
tileMaster,3808,3904,128,64,32,32,0,1,1,4294967295
tileMaster,3776,3904,128,64,32,32,0,1,1,4294967295
tileMaster,3776,3872,128,64,32,32,0,1,1,4294967295
tileMaster,3776,3840,128,64,32,32,0,1,1,4294967295
tileMaster,3776,3808,128,64,32,32,0,1,1,4294967295
tileMaster,3776,3776,128,64,32,32,0,1,1,4294967295
tileMaster,3776,3744,128,64,32,32,0,1,1,4294967295
tileMaster,3936,3680,128,64,32,32,0,1,1,4294967295
tileMaster,3936,3712,128,64,32,32,0,1,1,4294967295
tileMaster,3936,3744,128,64,32,32,0,1,1,4294967295
tileMaster,3936,3776,128,64,32,32,0,1,1,4294967295
tileMaster,3936,3808,128,64,32,32,0,1,1,4294967295
tileMaster,3936,3840,128,64,32,32,0,1,1,4294967295
tileMaster,3936,3872,128,64,32,32,0,1,1,4294967295
tileMaster,3936,3904,128,64,32,32,0,1,1,4294967295
tileMaster,3936,3936,128,64,32,32,0,1,1,4294967295
tileMaster,3648,4000,416,384,32,32,0,1,1,4294967295
tileMaster,3648,4032,416,384,32,32,0,1,1,4294967295
tileMaster,3648,4064,416,384,32,32,0,1,1,4294967295
tileMaster,3648,4096,416,384,32,32,0,1,1,4294967295
tileMaster,3648,4128,416,384,32,32,0,1,1,4294967295
tileMaster,3648,4160,416,384,32,32,0,1,1,4294967295
tileMaster,3648,4192,416,384,32,32,0,1,1,4294967295
tileMaster,3648,4224,416,384,32,32,0,1,1,4294967295
tileMaster,3744,4224,416,384,32,32,0,1,1,4294967295
tileMaster,3776,4224,416,384,32,32,0,1,1,4294967295
tileMaster,3808,4224,416,384,32,32,0,1,1,4294967295
tileMaster,3840,4224,416,384,32,32,0,1,1,4294967295
tileMaster,3840,4192,416,384,32,32,0,1,1,4294967295
tileMaster,3840,4160,416,384,32,32,0,1,1,4294967295
tileMaster,3840,4128,416,384,32,32,0,1,1,4294967295
tileMaster,3840,4096,416,384,32,32,0,1,1,4294967295
tileMaster,3840,4064,416,384,32,32,0,1,1,4294967295
tileMaster,3840,4032,416,384,32,32,0,1,1,4294967295
tileMaster,3840,4000,416,384,32,32,0,1,1,4294967295
tileMaster,3808,4000,416,384,32,32,0,1,1,4294967295
tileMaster,3776,4000,416,384,32,32,0,1,1,4294967295
tileMaster,3744,4000,416,384,32,32,0,1,1,4294967295
tileMaster,3744,4032,416,384,32,32,0,1,1,4294967295
tileMaster,3744,4064,416,384,32,32,0,1,1,4294967295
tileMaster,3744,4096,416,384,32,32,0,1,1,4294967295
tileMaster,3744,4128,416,384,32,32,0,1,1,4294967295
tileMaster,3744,4160,416,384,32,32,0,1,1,4294967295
tileMaster,3744,4192,416,384,32,32,0,1,1,4294967295
tileMaster,3776,4192,416,384,32,32,0,1,1,4294967295
tileMaster,3808,4192,416,384,32,32,0,1,1,4294967295
tileMaster,3808,4160,416,384,32,32,0,1,1,4294967295
tileMaster,3808,4128,416,384,32,32,0,1,1,4294967295
tileMaster,3808,4096,416,384,32,32,0,1,1,4294967295
tileMaster,3808,4064,416,384,32,32,0,1,1,4294967295
tileMaster,3808,4032,416,384,32,32,0,1,1,4294967295
tileMaster,3776,4032,416,384,32,32,0,1,1,4294967295
tileMaster,3776,4064,416,384,32,32,0,1,1,4294967295
tileMaster,3776,4096,416,384,32,32,0,1,1,4294967295
tileMaster,3776,4128,416,384,32,32,0,1,1,4294967295
tileMaster,3776,4160,416,384,32,32,0,1,1,4294967295
tileMaster,3936,4224,416,384,32,32,0,1,1,4294967295
tileMaster,3936,4192,416,384,32,32,0,1,1,4294967295
tileMaster,3936,4160,416,384,32,32,0,1,1,4294967295
tileMaster,3936,4128,416,384,32,32,0,1,1,4294967295
tileMaster,3936,4096,416,384,32,32,0,1,1,4294967295
tileMaster,3936,4064,416,384,32,32,0,1,1,4294967295
tileMaster,3936,4032,416,384,32,32,0,1,1,4294967295
tileMaster,3936,4000,416,384,32,32,0,1,1,4294967295
bgFortress,0,5184,0,0,128,128,0,1,1,4294967295
bgFortress,128,5184,0,0,128,128,0,1,1,4294967295
bgFortress,256,5184,0,0,128,128,0,1,1,4294967295
bgFortress,384,5184,0,0,128,128,0,1,1,4294967295
bgFortress,512,5184,0,0,128,128,0,1,1,4294967295
bgFortress,640,5184,0,0,128,128,0,1,1,4294967295
bgFortress,768,5184,0,0,128,128,0,1,1,4294967295
bgFortress,896,5184,0,0,128,128,0,1,1,4294967295
bgFortress,1024,5184,0,0,128,128,0,1,1,4294967295
bgFortress,1152,5184,0,0,128,128,0,1,1,4294967295
bgFortress,1280,5184,0,0,128,128,0,1,1,4294967295
bgFortress,1408,5184,0,0,128,128,0,1,1,4294967295
bgFortress,1536,5184,0,0,128,128,0,1,1,4294967295
bgFortress,1664,5184,0,0,128,128,0,1,1,4294967295
bgFortress,1792,5184,0,0,128,128,0,1,1,4294967295
bgFortress,0,5312,0,0,128,128,0,1,1,4294967295
bgFortress,128,5312,0,0,128,128,0,1,1,4294967295
bgFortress,256,5312,0,0,128,128,0,1,1,4294967295
bgFortress,384,5312,0,0,128,128,0,1,1,4294967295
bgFortress,512,5312,0,0,128,128,0,1,1,4294967295
bgFortress,640,5312,0,0,128,128,0,1,1,4294967295
bgFortress,768,5312,0,0,128,128,0,1,1,4294967295
bgFortress,896,5312,0,0,128,128,0,1,1,4294967295
bgFortress,1024,5312,0,0,128,128,0,1,1,4294967295
bgFortress,1152,5312,0,0,128,128,0,1,1,4294967295
bgFortress,1280,5312,0,0,128,128,0,1,1,4294967295
bgFortress,1408,5312,0,0,128,128,0,1,1,4294967295
bgFortress,1536,5312,0,0,128,128,0,1,1,4294967295
bgFortress,1664,5312,0,0,128,128,0,1,1,4294967295
bgFortress,1792,5312,0,0,128,128,0,1,1,4294967295
bgFortress,0,5440,0,0,128,128,0,1,1,4294967295
bgFortress,128,5440,0,0,128,128,0,1,1,4294967295
bgFortress,256,5440,0,0,128,128,0,1,1,4294967295
bgFortress,384,5440,0,0,128,128,0,1,1,4294967295
bgFortress,512,5440,0,0,128,128,0,1,1,4294967295
bgFortress,640,5440,0,0,128,128,0,1,1,4294967295
bgFortress,768,5440,0,0,128,128,0,1,1,4294967295
bgFortress,896,5440,0,0,128,128,0,1,1,4294967295
bgFortress,1024,5440,0,0,128,128,0,1,1,4294967295
bgFortress,1152,5440,0,0,128,128,0,1,1,4294967295
bgFortress,1280,5440,0,0,128,128,0,1,1,4294967295
bgFortress,1408,5440,0,0,128,128,0,1,1,4294967295
bgFortress,1536,5440,0,0,128,128,0,1,1,4294967295
bgFortress,1664,5440,0,0,128,128,0,1,1,4294967295
bgFortress,1792,5440,0,0,128,128,0,1,1,4294967295
bgFortress,0,5568,0,0,128,128,0,1,1,4294967295
bgFortress,128,5568,0,0,128,128,0,1,1,4294967295
bgFortress,256,5568,0,0,128,128,0,1,1,4294967295
bgFortress,384,5568,0,0,128,128,0,1,1,4294967295
bgFortress,512,5568,0,0,128,128,0,1,1,4294967295
bgFortress,640,5568,0,0,128,128,0,1,1,4294967295
bgFortress,768,5568,0,0,128,128,0,1,1,4294967295
bgFortress,896,5568,0,0,128,128,0,1,1,4294967295
bgFortress,1024,5568,0,0,128,128,0,1,1,4294967295
bgFortress,1152,5568,0,0,128,128,0,1,1,4294967295
bgFortress,1280,5568,0,0,128,128,0,1,1,4294967295
bgFortress,1408,5568,0,0,128,128,0,1,1,4294967295
bgFortress,1536,5568,0,0,128,128,0,1,1,4294967295
bgFortress,1664,5568,0,0,128,128,0,1,1,4294967295
bgFortress,1792,5568,0,0,128,128,0,1,1,4294967295
bgFortress,1920,5184,0,0,128,128,0,1,1,4294967295
bgFortress,2048,5184,0,0,128,128,0,1,1,4294967295
bgFortress,2176,5184,0,0,128,128,0,1,1,4294967295
bgFortress,2304,5184,0,0,128,128,0,1,1,4294967295
bgFortress,2432,5184,0,0,128,128,0,1,1,4294967295
bgFortress,2560,5184,0,0,128,128,0,1,1,4294967295
bgFortress,2688,5184,0,0,128,128,0,1,1,4294967295
bgFortress,2816,5184,0,0,128,128,0,1,1,4294967295
bgFortress,2944,5184,0,0,128,128,0,1,1,4294967295
bgFortress,3072,5184,0,0,128,128,0,1,1,4294967295
bgFortress,3200,5184,0,0,128,128,0,1,1,4294967295
bgFortress,3328,5184,0,0,128,128,0,1,1,4294967295
bgFortress,3456,5184,0,0,128,128,0,1,1,4294967295
bgFortress,1920,5312,0,0,128,128,0,1,1,4294967295
bgFortress,2048,5312,0,0,128,128,0,1,1,4294967295
bgFortress,2176,5312,0,0,128,128,0,1,1,4294967295
bgFortress,2304,5312,0,0,128,128,0,1,1,4294967295
bgFortress,2432,5312,0,0,128,128,0,1,1,4294967295
bgFortress,2560,5312,0,0,128,128,0,1,1,4294967295
bgFortress,2688,5312,0,0,128,128,0,1,1,4294967295
bgFortress,2816,5312,0,0,128,128,0,1,1,4294967295
bgFortress,2944,5312,0,0,128,128,0,1,1,4294967295
bgFortress,3072,5312,0,0,128,128,0,1,1,4294967295
bgFortress,3200,5312,0,0,128,128,0,1,1,4294967295
bgFortress,3328,5312,0,0,128,128,0,1,1,4294967295
bgFortress,3456,5312,0,0,128,128,0,1,1,4294967295
bgFortress,1920,5440,0,0,128,128,0,1,1,4294967295
bgFortress,2048,5440,0,0,128,128,0,1,1,4294967295
bgFortress,2176,5440,0,0,128,128,0,1,1,4294967295
bgFortress,2304,5440,0,0,128,128,0,1,1,4294967295
bgFortress,2432,5440,0,0,128,128,0,1,1,4294967295
bgFortress,2560,5440,0,0,128,128,0,1,1,4294967295
bgFortress,2688,5440,0,0,128,128,0,1,1,4294967295
bgFortress,2816,5440,0,0,128,128,0,1,1,4294967295
bgFortress,2944,5440,0,0,128,128,0,1,1,4294967295
bgFortress,3072,5440,0,0,128,128,0,1,1,4294967295
bgFortress,3200,5440,0,0,128,128,0,1,1,4294967295
bgFortress,3328,5440,0,0,128,128,0,1,1,4294967295
bgFortress,3456,5440,0,0,128,128,0,1,1,4294967295
bgFortress,1920,5568,0,0,128,128,0,1,1,4294967295
bgFortress,2048,5568,0,0,128,128,0,1,1,4294967295
bgFortress,2176,5568,0,0,128,128,0,1,1,4294967295
bgFortress,2304,5568,0,0,128,128,0,1,1,4294967295
bgFortress,2432,5568,0,0,128,128,0,1,1,4294967295
bgFortress,2560,5568,0,0,128,128,0,1,1,4294967295
bgFortress,2688,5568,0,0,128,128,0,1,1,4294967295
bgFortress,2816,5568,0,0,128,128,0,1,1,4294967295
bgFortress,2944,5568,0,0,128,128,0,1,1,4294967295
bgFortress,3072,5568,0,0,128,128,0,1,1,4294967295
bgFortress,3200,5568,0,0,128,128,0,1,1,4294967295
bgFortress,3328,5568,0,0,128,128,0,1,1,4294967295
bgFortress,3456,5568,0,0,128,128,0,1,1,4294967295
bgBroccoli,1090,1175,0,0,111,175,0,1,1,4294967295
bgCartParallax3,480,4000,0,0,347,105,0,1,1,4294967295
bgCartParallax3,640,4000,0,0,347,105,0,1,1,4294967295
bgCartParallax3,1024,4000,0,0,347,105,0,1,1,4294967295
bgCartParallax3,1536,4000,0,0,347,105,0,1,1,4294967295
bgCartParallax4,704,4096,0,0,32,96,0,1,1,4294967295
bgCartParallax4,736,4096,0,0,32,96,0,1,1,4294967295
bgCartParallax4,768,4096,0,0,32,96,0,1,1,4294967295
bgCartParallax4,800,4096,0,0,32,96,0,1,1,4294967295
bgCartParallax4,832,4096,0,0,32,96,0,1,1,4294967295
bgCartParallax4,864,4096,0,0,32,96,0,1,1,4294967295
bgCartParallax4,896,4096,0,0,32,96,0,1,1,4294967295
bgCartParallax4,928,4096,0,0,32,96,0,1,1,4294967295
bgCartParallax4,960,4096,0,0,32,96,0,1,1,4294967295
bgCartParallax4,992,4096,0,0,32,96,0,1,1,4294967295
bgCartParallax4,1024,4096,0,0,32,96,0,1,1,4294967295
bgCartParallax4,1056,4096,0,0,32,96,0,1,1,4294967295
bgCartParallax4,1088,4096,0,0,32,96,0,1,1,4294967295
bgCartParallax4,1120,4096,0,0,32,96,0,1,1,4294967295
bgCartParallax4,1152,4096,0,0,32,96,0,1,1,4294967295
bgCartParallax4,1184,4096,0,0,32,96,0,1,1,4294967295
bgCartParallax4,1216,4096,0,0,32,96,0,1,1,4294967295
bgCartParallax4,1248,4096,0,0,32,96,0,1,1,4294967295
bgCartParallax4,1280,4096,0,0,32,96,0,1,1,4294967295
bgCartParallax4,1312,4096,0,0,32,96,0,1,1,4294967295
bgCartParallax4,1344,4096,0,0,32,96,0,1,1,4294967295
bgCartParallax4,1376,4096,0,0,32,96,0,1,1,4294967295
bgCartParallax4,1408,4096,0,0,32,96,0,1,1,4294967295
bgCartParallax4,1440,4096,0,0,32,96,0,1,1,4294967295
bgCartParallax4,1472,4096,0,0,32,96,0,1,1,4294967295
bgCartParallax4,1504,4096,0,0,32,96,0,1,1,4294967295
bgCartParallax4,1536,4096,0,0,32,96,0,1,1,4294967295
bgCartParallax4,1568,4096,0,0,32,96,0,1,1,4294967295
bgCartParallax4,1600,4096,0,0,32,96,0,1,1,4294967295
bgCartParallax4,1632,4096,0,0,32,96,0,1,1,4294967295
bgCartParallax4,1664,4096,0,0,32,96,0,1,1,4294967295
bgCartParallax4,1696,4096,0,0,32,96,0,1,1,4294967295
bgCartParallax4,1728,4096,0,0,32,96,0,1,1,4294967295
bgCartParallax4,1760,4096,0,0,32,96,0,1,1,4294967295
bgCartParallax4,1792,4096,0,0,32,96,0,1,1,4294967295
bgCartParallax4,1824,4096,0,0,32,96,0,1,1,4294967295
tileMaster,3552,256,512,352,96,128,0,1,1,4294967295
