tileMaster,64,4072,352,288,32,32,0,1,1,4294967295
tileMaster,96,4072,352,288,32,32,0,1,1,4294967295
tileMaster,128,4072,352,288,32,32,0,1,1,4294967295
tileMaster,160,4072,352,288,32,32,0,1,1,4294967295
tileMaster,192,4072,352,288,32,32,0,1,1,4294967295
tileMaster,224,4072,352,288,32,32,0,1,1,4294967295
tileMaster,256,4072,352,288,32,32,0,1,1,4294967295
tileMaster,288,4072,352,288,32,32,0,1,1,4294967295
tileMaster,320,4072,352,288,32,32,0,1,1,4294967295
tileMaster,352,4072,352,288,32,32,0,1,1,4294967295
tileMaster,384,4072,352,288,32,32,0,1,1,4294967295
tileMaster,416,4072,352,288,32,32,0,1,1,4294967295
tileMaster,448,4072,352,288,32,32,0,1,1,4294967295
tileMaster,480,4072,352,288,32,32,0,1,1,4294967295
tileMaster,512,4072,352,288,32,32,0,1,1,4294967295
tileMaster,544,4072,352,288,32,32,0,1,1,4294967295
tileMaster,576,4072,352,288,32,32,0,1,1,4294967295
tileMaster,608,4072,352,288,32,32,0,1,1,4294967295
tileMaster,640,4072,352,288,32,32,0,1,1,4294967295
tileMaster,672,4072,352,288,32,32,0,1,1,4294967295
tileMaster,704,4072,352,288,32,32,0,1,1,4294967295
tileMaster,736,4072,352,288,32,32,0,1,1,4294967295
tileMaster,768,4072,352,288,32,32,0,1,1,4294967295
tileMaster,800,4072,352,288,32,32,0,1,1,4294967295
tileMaster,832,4072,352,288,32,32,0,1,1,4294967295
tileMaster,864,4072,352,288,32,32,0,1,1,4294967295
tileMaster,896,4072,352,288,32,32,0,1,1,4294967295
tileMaster,928,4072,352,288,32,32,0,1,1,4294967295
tileMaster,960,4072,352,288,32,32,0,1,1,4294967295
tileMaster,992,4072,352,288,32,32,0,1,1,4294967295
tileMaster,1024,4072,352,288,32,32,0,1,1,4294967295
tileMaster,1056,4072,352,288,32,32,0,1,1,4294967295
tileMaster,1088,4072,352,288,32,32,0,1,1,4294967295
tileMaster,1120,4072,352,288,32,32,0,1,1,4294967295
tileMaster,1152,4072,352,288,32,32,0,1,1,4294967295
tileMaster,1184,4072,352,288,32,32,0,1,1,4294967295
tileMaster,1216,4072,352,288,32,32,0,1,1,4294967295
tileMaster,1248,4072,352,288,32,32,0,1,1,4294967295
tileMaster,1280,4072,352,288,32,32,0,1,1,4294967295
tileMaster,1312,4072,352,288,32,32,0,1,1,4294967295
tileMaster,1344,4072,352,288,32,32,0,1,1,4294967295
tileMaster,1376,4072,352,288,32,32,0,1,1,4294967295
tileMaster,1408,4072,352,288,32,32,0,1,1,4294967295
tileMaster,1440,4072,352,288,32,32,0,1,1,4294967295
tileMaster,1472,4072,352,288,32,32,0,1,1,4294967295
tileMaster,1504,4072,352,288,32,32,0,1,1,4294967295
tileMaster,1536,4072,352,288,32,32,0,1,1,4294967295
tileMaster,1568,4072,352,288,32,32,0,1,1,4294967295
tileMaster,1600,4072,352,288,32,32,0,1,1,4294967295
tileMaster,1632,4072,352,288,32,32,0,1,1,4294967295
tileMaster,1664,4072,352,288,32,32,0,1,1,4294967295
tileMaster,1696,4072,352,288,32,32,0,1,1,4294967295
tileMaster,1728,4072,352,288,32,32,0,1,1,4294967295
tileMaster,1760,4072,352,288,32,32,0,1,1,4294967295
tileMaster,1792,4072,352,288,32,32,0,1,1,4294967295
tileMaster,1824,4072,352,288,32,32,0,1,1,4294967295
tileMaster,1856,4072,352,288,32,32,0,1,1,4294967295
tileMaster,1888,4072,352,288,32,32,0,1,1,4294967295
tileMaster,1920,4072,352,288,32,32,0,1,1,4294967295
tileMaster,1952,4072,352,288,32,32,0,1,1,4294967295
tileMaster,1984,4072,352,288,32,32,0,1,1,4294967295
tileMaster,2016,4072,352,288,32,32,0,1,1,4294967295
tileMaster,2048,4072,352,288,32,32,0,1,1,4294967295
tileMaster,2080,4072,352,288,32,32,0,1,1,4294967295
tileMaster,2112,4072,352,288,32,32,0,1,1,4294967295
tileMaster,2144,4072,352,288,32,32,0,1,1,4294967295
tileMaster,2176,4072,352,288,32,32,0,1,1,4294967295
tileMaster,2208,4072,352,288,32,32,0,1,1,4294967295
tileMaster,2240,4072,352,288,32,32,0,1,1,4294967295
tileMaster,2272,4072,352,288,32,32,0,1,1,4294967295
tileMaster,2304,4072,352,288,32,32,0,1,1,4294967295
tileMaster,2336,4072,352,288,32,32,0,1,1,4294967295
tileMaster,2368,4072,352,288,32,32,0,1,1,4294967295
tileMaster,2400,4072,352,288,32,32,0,1,1,4294967295
tileMaster,2432,4072,352,288,32,32,0,1,1,4294967295
tileMaster,2464,4072,352,288,32,32,0,1,1,4294967295
tileMaster,2496,4072,352,288,32,32,0,1,1,4294967295
