CreditsSkybox,64,704,0039D462,0,1,1,4294967295,0,0
saveHard,224,928,002262FE,0,1,1,4294967295,0,0
saveHard,2784,2624,002D5DDB,0,1,1,4294967295,0,0
saveVeryHard,1888,1696,0003FB1D,0,1,1,4294967295,0,0
saveHard,3808,3552,001071A9,0,1,1,4294967295,0,0
saveMedium,3648,4128,0003704D,0,1,1,4294967295,0,0
saveHard,960,3360,000FED83,0,1,1,4294967295,0,1
saveVeryHard,64,2304,0034DADD,0,1,1,4294967295,0,0
saveVeryHard,896,1408,00352AD3,0,1,1,4294967295,0,0
saveHard,3168,1248,00169097,0,1,1,4294967295,0,0
spikeUp,64,1280,003A2500,0,1,1,4294967295,0,0
spikeUp,96,1312,0031893C,0,1,1,4294967295,0,0
spikeUp,128,1312,003F88F9,0,1,1,4294967295,0,0
spikeUp,160,1312,002F7276,0,1,1,4294967295,0,0
spikeUp,192,1312,000A4C18,0,1,1,4294967295,0,0
spikeUp,224,1312,002F3A3D,0,1,1,4294967295,0,0
spikeUp,256,1312,002A9E09,0,1,1,4294967295,0,0
spikeUp,288,1312,0020842E,0,1,1,4294967295,0,0
spikeUp,320,1280,00261D13,0,1,1,4294967295,0,0
spikeUp,352,1248,003E536A,0,1,1,4294967295,0,0
spikeUp,384,1280,002CC2D9,0,1,1,4294967295,0,0
spikeUp,416,1312,001EFA3C,0,1,1,4294967295,0,0
spikeUp,448,1312,0005FA75,0,1,1,4294967295,0,0
spikeUp,480,1312,001BF6FF,0,1,1,4294967295,0,0
spikeUp,512,1312,000B9253,0,1,1,4294967295,0,0
spikeUp,544,1312,0015B54A,0,1,1,4294967295,0,0
spikeUp,576,1312,0035B53F,0,1,1,4294967295,0,0
spikeUp,608,1280,00367562,0,1,1,4294967295,0,0
spikeUp,640,1280,0029A145,0,1,1,4294967295,0,0
spikeUp,672,1312,001070B2,0,1,1,4294967295,0,0
spikeUp,704,1312,00038A95,0,1,1,4294967295,0,0
spikeUp,736,1312,002F8256,0,1,1,4294967295,0,0
spikeUp,768,1312,00143C6E,0,1,1,4294967295,0,0
spikeUp,1952,2656,00348170,0,1,1,4294967295,0,0
spikeUp,1984,2656,003B1237,0,1,1,4294967295,0,0
spikeUp,2016,2656,0000EA73,0,1,1,4294967295,0,0
spikeUp,2048,2656,0032743A,0,1,1,4294967295,0,0
spikeUp,2080,2656,000DE589,0,1,1,4294967295,0,0
spikeUp,2112,2656,0002F2C4,0,1,1,4294967295,0,0
spikeUp,2144,2656,002ECA1B,0,1,1,4294967295,0,0
spikeUp,2176,2656,00395E68,0,1,1,4294967295,0,0
spikeUp,2208,2656,000AD25D,0,1,1,4294967295,0,0
spikeUp,2240,2656,001E05DC,0,1,1,4294967295,0,0
spikeUp,2272,2656,00052635,0,1,1,4294967295,0,0
spikeUp,2304,2656,0026F8D5,0,1,1,4294967295,0,0
spikeUp,2336,2656,00070C0B,0,1,1,4294967295,0,0
spikeUp,2368,2656,0004EF2C,0,1,1,4294967295,0,0
spikeUp,2720,1760,0036F789,0,1,1,4294967295,0,0
spikeUp,2752,1760,000A8672,0,1,1,4294967295,0,0
spikeUp,2784,1728,0023DD49,0,1,1,4294967295,0,0
spikeUp,2816,1728,0037D594,0,1,1,4294967295,0,0
spikeUp,2848,1728,0032DFB8,0,1,1,4294967295,0,0
spikeUp,2880,1728,003732BA,0,1,1,4294967295,0,0
spikeUp,2752,1568,002F8442,0,1,1,4294967295,0,0
spikeUp,2720,1600,002079C6,0,1,1,4294967295,0,0
spikeUp,2816,1600,0027A83D,0,1,1,4294967295,0,0
spikeUp,2976,1728,0009EE5F,0,1,1,4294967295,0,0
spikeUp,3072,1728,0035FB08,0,1,1,4294967295,0,0
spikeUp,3136,1728,0001213E,0,1,1,4294967295,0,0
spikeUp,2976,1472,002F23C4,0,1,1,4294967295,0,0
spikeUp,2784,1280,0002D197,0,1,1,4294967295,0,0
spikeUp,2816,1280,001FC22D,0,1,1,4294967295,0,0
spikeUp,2848,1280,002BC94F,0,1,1,4294967295,0,0
spikeUp,2880,1280,00326E35,0,1,1,4294967295,0,0
spikeUp,2912,1280,00353925,0,1,1,4294967295,0,0
spikeUp,2944,1280,00179934,0,1,1,4294967295,0,0
spikeUp,2976,1280,00178478,0,1,1,4294967295,0,0
spikeUp,3008,1280,00261ED5,0,1,1,4294967295,0,0
spikeUp,3040,1280,002F5618,0,1,1,4294967295,0,0
spikeUp,3072,1223,003C7E97,0,1,1,4294967295,0,0
spikeUp,3104,1280,003A3DBC,0,1,1,4294967295,0,0
spikeUp,2720,1280,000CCA15,0,1,1,4294967295,0,0
spikeUp,2752,1223,0003D109,0,1,1,4294967295,0,0
spikeUp,2432,4000,0037A078,0,1,1,4294967295,0,0
spikeUp,3168,4224,00128B9B,0,1,1,4294967295,0,0
spikeUp,3200,4224,003F6144,0,1,1,4294967295,0,0
spikeUp,3712,3232,002DF615,0,1,1,4294967295,0,0
spikeUp,3776,3232,001ED033,0,1,1,4294967295,0,0
spikeUp,1024,3392,002D444A,0,1,1,4294967295,0,0
spikeUp,1056,3392,00084382,0,1,1,4294967295,0,0
spikeUp,1088,3392,001B2E2C,0,1,1,4294967295,0,0
spikeUp,1120,3392,0017A1C8,0,1,1,4294967295,0,0
spikeUp,1184,3392,0030F277,0,1,1,4294967295,0,0
spikeUp,1216,3392,00364BBF,0,1,1,4294967295,0,0
spikeUp,1248,3392,003A3608,0,1,1,4294967295,0,0
spikeUp,1312,3392,0003A56D,0,1,1,4294967295,0,0
spikeUp,1376,3392,001A2913,0,1,1,4294967295,0,0
spikeUp,1408,3392,000C24A4,0,1,1,4294967295,0,0
spikeUp,1440,3392,0032DC59,0,1,1,4294967295,0,0
spikeUp,1472,3392,000DAC18,0,1,1,4294967295,0,0
spikeUp,1536,3392,00169D2A,0,1,1,4294967295,0,0
spikeUp,1568,3392,0017C2E1,0,1,1,4294967295,0,0
spikeUp,1344,3296,0008D116,0,1,1,4294967295,0,0
spikeUp,1280,3200,003D0538,0,1,1,4294967295,0,0
spikeUp,1344,3168,000327EC,0,1,1,4294967295,0,0
spikeUp,1376,3168,00350C20,0,1,1,4294967295,0,0
spikeUp,1216,3136,0030174D,0,1,1,4294967295,0,0
spikeUp,1152,3296,0006CA3B,0,1,1,4294967295,0,0
spikeUp,448,2656,00217448,0,1,1,4294967295,0,0
spikeUp,480,2656,0022EC4D,0,1,1,4294967295,0,0
spikeUp,512,2656,002DA844,0,1,1,4294967295,0,0
spikeUp,544,2656,0026C4F6,0,1,1,4294967295,0,0
spikeUp,608,2656,00252314,0,1,1,4294967295,0,0
spikeUp,640,2656,0016F93A,0,1,1,4294967295,0,0
spikeUp,672,2656,00343AD5,0,1,1,4294967295,0,0
spikeUp,704,2656,000F7B18,0,1,1,4294967295,0,0
spikeUp,736,2656,000F42D2,0,1,1,4294967295,0,0
spikeUp,768,2656,000D3D1A,0,1,1,4294967295,0,0
spikeUp,800,2656,0032003F,0,1,1,4294967295,0,0
spikeUp,832,2656,00229F1D,0,1,1,4294967295,0,0
spikeUp,864,2656,001809D4,0,1,1,4294967295,0,0
spikeUp,896,2656,0025BDD4,0,1,1,4294967295,0,0
spikeUp,928,2656,001F5749,0,1,1,4294967295,0,0
spikeUp,960,2656,003A777A,0,1,1,4294967295,0,0
spikeUp,576,2656,002CA658,0,1,1,4294967295,0,0
spikeUp,1024,2656,00229D5D,0,1,1,4294967295,0,0
spikeUp,1056,2656,001462B4,0,1,1,4294967295,0,0
spikeUp,1088,2656,00059309,0,1,1,4294967295,0,0
spikeUp,1120,2656,003E3C7D,0,1,1,4294967295,0,0
spikeUp,1152,2656,0003501A,0,1,1,4294967295,0,0
spikeUp,1184,2656,002902DE,0,1,1,4294967295,0,0
spikeUp,1248,2656,0027E7BD,0,1,1,4294967295,0,0
spikeUp,1280,2656,0002D55E,0,1,1,4294967295,0,0
spikeUp,1312,2656,000F94A4,0,1,1,4294967295,0,0
spikeUp,1344,2656,0024AC7E,0,1,1,4294967295,0,0
spikeUp,1376,2656,00321846,0,1,1,4294967295,0,0
spikeUp,1408,2656,0015C4A2,0,1,1,4294967295,0,0
spikeUp,1440,2656,0015AFB0,0,1,1,4294967295,0,0
spikeUp,1504,2656,002E23A7,0,1,1,4294967295,0,0
spikeUp,1568,2656,002C05A0,0,1,1,4294967295,0,0
spikeUp,1472,2304,00304057,0,1,1,4294967295,0,0
spikeUp,1216,2528,00009ECA,0,1,1,4294967295,0,0
spikeUp,992,2336,0005F67E,0,1,1,4294967295,0,0
spikeUp,2080,1888,0018F7F8,0,1,1,4294967295,0,0
spikeUp,2112,1888,000DDEC0,0,1,1,4294967295,0,0
spikeUp,2144,1888,0005C648,0,1,1,4294967295,0,0
spikeUp,2176,1888,0017143C,0,1,1,4294967295,0,0
spikeUp,2208,1888,0020CF99,0,1,1,4294967295,0,0
spikeUp,2240,1888,000650C7,0,1,1,4294967295,0,0
spikeDown,96,1056,001DA569,0,1,1,4294967295,0,0
spikeDown,128,1120,003FE977,0,1,1,4294967295,0,0
spikeDown,160,1120,001FDAD7,0,1,1,4294967295,0,0
spikeDown,192,1024,002A036E,0,1,1,4294967295,0,0
spikeDown,224,992,00140358,0,1,1,4294967295,0,0
spikeDown,256,992,000F2AEB,0,1,1,4294967295,0,0
spikeRight,288,960,00321459,0,1,1,4294967295,0,0
spikeRight,288,928,0003086D,0,1,1,4294967295,0,0
spikeLeft,768,1120,000A6BBB,0,1,1,4294967295,0,0
spikeLeft,768,1216,003B0EF5,0,1,1,4294967295,0,0
spikeDown,2464,2336,001A6BC9,0,1,1,4294967295,0,0
spikeDown,2496,2304,002A9976,0,1,1,4294967295,0,0
spikeDown,2528,2336,00167CB8,0,1,1,4294967295,0,0
spikeDown,2720,1120,00242E07,0,1,1,4294967295,0,0
spikeDown,2752,1120,003C1EE7,0,1,1,4294967295,0,0
spikeDown,2784,1120,002C0BCC,0,1,1,4294967295,0,0
spikeDown,2816,1120,00386762,0,1,1,4294967295,0,0
spikeDown,2848,1120,0014BB27,0,1,1,4294967295,0,0
spikeDown,2880,1120,0024AB62,0,1,1,4294967295,0,0
spikeDown,2912,1120,000C63F5,0,1,1,4294967295,0,0
spikeDown,2944,1120,00341F6A,0,1,1,4294967295,0,0
spikeDown,2976,1120,002A146D,0,1,1,4294967295,0,0
spikeDown,3008,1120,003F97D7,0,1,1,4294967295,0,0
spikeDown,3040,1120,000F8325,0,1,1,4294967295,0,0
spikeDown,3104,1120,00292F7B,0,1,1,4294967295,0,0
spikeDown,3136,1120,003475FB,0,1,1,4294967295,0,0
spikeDown,2912,1536,000FABA3,0,1,1,4294967295,0,0
spikeDown,2976,1568,002B8967,0,1,1,4294967295,0,0
spikeDown,3008,1536,001224CA,0,1,1,4294967295,0,0
spikeLeft,2400,4032,002359DA,0,1,1,4294967295,0,0
spikeDown,2432,4064,0028A5DE,0,1,1,4294967295,0,0
spikeDown,2112,4064,002A8A37,0,1,1,4294967295,0,0
spikeLeft,2080,3968,0028C9E6,0,1,1,4294967295,0,0
spikeLeft,2080,4000,002491AB,0,1,1,4294967295,0,0
spikeLeft,2080,4032,0023C897,0,1,1,4294967295,0,0
spikeDown,3616,3168,000914EE,0,1,1,4294967295,0,0
spikeDown,3712,3168,0037FF7D,0,1,1,4294967295,0,0
spikeDown,3808,3168,002CC861,0,1,1,4294967295,0,0
spikeDown,320,2144,002AB42D,0,1,1,4294967295,0,0
spikeDown,352,2144,0030245E,0,1,1,4294967295,0,0
spikeDown,384,2144,0038D68D,0,1,1,4294967295,0,0
spikeDown,416,2144,0031DA55,0,1,1,4294967295,0,0
spikeDown,448,2144,00350183,0,1,1,4294967295,0,0
spikeDown,480,2144,0037FC27,0,1,1,4294967295,0,0
spikeDown,512,2144,00239705,0,1,1,4294967295,0,0
spikeDown,544,2144,002CFEAC,0,1,1,4294967295,0,0
spikeDown,576,2144,002F306E,0,1,1,4294967295,0,0
spikeDown,608,2144,00376D99,0,1,1,4294967295,0,0
spikeDown,640,2144,003113A0,0,1,1,4294967295,0,0
spikeDown,672,2144,000BEDCB,0,1,1,4294967295,0,0
spikeDown,704,2144,000CCEEF,0,1,1,4294967295,0,0
spikeDown,736,2144,00298AA4,0,1,1,4294967295,0,0
spikeDown,768,2144,0015A92F,0,1,1,4294967295,0,0
spikeDown,800,2144,00088A17,0,1,1,4294967295,0,0
spikeDown,832,2144,00193641,0,1,1,4294967295,0,0
spikeDown,864,2144,000BB65D,0,1,1,4294967295,0,0
spikeDown,896,2144,00141C21,0,1,1,4294967295,0,0
spikeDown,928,2144,002CAC72,0,1,1,4294967295,0,0
spikeDown,960,2144,002856C4,0,1,1,4294967295,0,0
spikeDown,992,2240,002270B7,0,1,1,4294967295,0,0
spikeDown,1024,2144,000F097D,0,1,1,4294967295,0,0
spikeDown,1056,2144,001A4CF5,0,1,1,4294967295,0,0
spikeDown,1088,2144,001D5118,0,1,1,4294967295,0,0
spikeDown,1120,2144,002275E2,0,1,1,4294967295,0,0
spikeDown,1152,2144,0017D13E,0,1,1,4294967295,0,0
spikeDown,1184,2144,00000AA5,0,1,1,4294967295,0,0
spikeDown,1216,2432,0007E9F5,0,1,1,4294967295,0,0
spikeDown,1248,2144,001056A4,0,1,1,4294967295,0,0
spikeDown,1280,2144,00033999,0,1,1,4294967295,0,0
spikeDown,1312,2144,002E3B32,0,1,1,4294967295,0,0
spikeDown,1344,2144,002C35BC,0,1,1,4294967295,0,0
spikeDown,1376,2144,003297E1,0,1,1,4294967295,0,0
spikeDown,1408,2144,002126E4,0,1,1,4294967295,0,0
spikeDown,1440,2144,0014619F,0,1,1,4294967295,0,0
spikeDown,1472,2144,0016842A,0,1,1,4294967295,0,0
spikeDown,1504,2144,00054640,0,1,1,4294967295,0,0
spikeDown,1536,2144,003F3BFE,0,1,1,4294967295,0,0
spikeDown,1568,2144,0001C991,0,1,1,4294967295,0,0
spikeDown,1600,2144,0032694C,0,1,1,4294967295,0,0
spikeRight,1024,2176,003277D1,0,1,1,4294967295,0,0
spikeRight,1024,2368,003501A1,0,1,1,4294967295,0,0
spikeRight,1024,2400,000A0220,0,1,1,4294967295,0,0
spikeRight,1024,2432,00217634,0,1,1,4294967295,0,0
spikeRight,1024,2464,001665DB,0,1,1,4294967295,0,0
spikeRight,1024,2496,00026361,0,1,1,4294967295,0,0
spikeRight,1024,2528,0008A90F,0,1,1,4294967295,0,0
spikeRight,1024,2560,002BB6EF,0,1,1,4294967295,0,0
spikeRight,1024,2592,00389E0A,0,1,1,4294967295,0,0
spikeRight,1024,2624,001C2FFF,0,1,1,4294967295,0,0
spikeRight,1504,2624,000AB73D,0,1,1,4294967295,0,0
spikeRight,1504,2592,0026AC1A,0,1,1,4294967295,0,0
spikeRight,1504,2560,001E93C1,0,1,1,4294967295,0,0
spikeRight,1504,2528,000F8FB1,0,1,1,4294967295,0,0
spikeRight,1504,2496,00334949,0,1,1,4294967295,0,0
spikeRight,1504,2464,000A743F,0,1,1,4294967295,0,0
spikeRight,1504,2432,000015DE,0,1,1,4294967295,0,0
spikeRight,1504,2400,003CBCE3,0,1,1,4294967295,0,0
spikeRight,1504,2368,0002C86F,0,1,1,4294967295,0,0
spikeRight,1504,2336,0035EACA,0,1,1,4294967295,0,0
spikeLeft,960,2368,0025B980,0,1,1,4294967295,0,0
spikeLeft,960,2400,002CC3D8,0,1,1,4294967295,0,0
spikeLeft,960,2432,003B0D76,0,1,1,4294967295,0,0
spikeLeft,960,2464,00336B7C,0,1,1,4294967295,0,0
spikeLeft,960,2496,00129A1E,0,1,1,4294967295,0,0
spikeLeft,960,2528,0024AF4A,0,1,1,4294967295,0,0
spikeLeft,960,2560,001F6695,0,1,1,4294967295,0,0
spikeLeft,960,2592,0025DC83,0,1,1,4294967295,0,0
spikeLeft,960,2624,002B705C,0,1,1,4294967295,0,0
spikeLeft,1440,2336,001A99BB,0,1,1,4294967295,0,0
spikeLeft,1440,2368,0032CD93,0,1,1,4294967295,0,0
spikeLeft,1440,2400,000B9EA3,0,1,1,4294967295,0,0
spikeLeft,1440,2432,00138DBA,0,1,1,4294967295,0,0
spikeLeft,1440,2464,000C18D4,0,1,1,4294967295,0,0
spikeLeft,1440,2496,000FB6FA,0,1,1,4294967295,0,0
spikeLeft,1440,2528,001E0AB4,0,1,1,4294967295,0,0
spikeLeft,1440,2560,0015CE26,0,1,1,4294967295,0,0
spikeLeft,1440,2592,003F610B,0,1,1,4294967295,0,0
spikeLeft,1440,2624,001A3D43,0,1,1,4294967295,0,0
spikeLeft,1568,2624,001E0C90,0,1,1,4294967295,0,0
spikeLeft,1568,2592,003278EC,0,1,1,4294967295,0,0
spikeLeft,1568,2560,000891AD,0,1,1,4294967295,0,0
spikeLeft,1568,2528,000BD8AE,0,1,1,4294967295,0,0
spikeLeft,1568,2496,0033CF87,0,1,1,4294967295,0,0
spikeLeft,1568,2464,0004A210,0,1,1,4294967295,0,0
spikeLeft,1568,2432,0003AB80,0,1,1,4294967295,0,0
spikeLeft,1568,2400,00362E3D,0,1,1,4294967295,0,0
spikeLeft,1568,2368,0010C9D3,0,1,1,4294967295,0,0
spikeLeft,1568,2336,003EE1DC,0,1,1,4294967295,0,0
spikeLeft,1568,2304,0035C5CB,0,1,1,4294967295,0,0
spikeLeft,960,2176,001DF880,0,1,1,4294967295,0,0
spikeLeft,3264,1760,001B5DC8,0,1,1,4294967295,0,0
spikeLeft,3264,1728,000802C3,0,1,1,4294967295,0,0
spikeLeft,3264,1696,00274698,0,1,1,4294967295,0,0
spikeLeft,3264,1664,002B70C8,0,1,1,4294967295,0,0
spikeDown,3072,1145,00321B8E,0,1,1,4294967295,0,0
MoonSmall,3168,896,0021B404,0,1,1,4294967295,0,0
spikeDown,2752,1664,00111DA1,0,1,1,4294967295,0,0
spikeDown,2720,1664,00304090,0,1,1,4294967295,0,0
FallingCave,2880,2464,002E45B4,0,1,1,4294967295,0,0
FallingCave,2912,2464,003B4C7B,0,1,1,4294967295,0,0
FallingCave,2944,2464,00048E31,0,1,1,4294967295,0,0
FallingCave,2976,2464,001FF62D,0,1,1,4294967295,0,0
FallingCave,3008,2432,00164C7A,0,1,1,4294967295,0,0
FallingCave,3040,2432,003A883A,0,1,1,4294967295,0,0
FallingCave,3072,2432,000BDE99,0,1,1,4294967295,0,0
FallingCave,3104,2432,001ECC4D,0,1,1,4294967295,0,0
FallingCave,3136,2432,0003433C,0,1,1,4294967295,0,0
FallingCave,3168,2432,000328B2,0,1,1,4294967295,0,0
FallingCave,3200,2432,000D9319,0,1,1,4294967295,0,0
FallingCave,3232,2432,001E01D4,0,1,1,4294967295,0,0
FallingCave,3264,2464,000CACE4,0,1,1,4294967295,0,0
FallingCave,3296,2496,001F1F38,0,1,1,4294967295,0,0
FallingCave,3328,2496,000DE1DE,0,1,1,4294967295,0,0
decoStar,160,3744,000DE8AC,0,1,1,4294967295,0,0
decoStar,224,3616,001D7EFE,0,1,1,4294967295,0,0
decoStar,320,3648,0032D2B4,0,1,1,4294967295,0,0
decoStar,320,3808,0038B931,0,1,1,4294967295,0,0
decoStar,384,3744,003C35F6,0,1,1,4294967295,0,0
decoStar,448,3712,0025DC2C,0,1,1,4294967295,0,0
decoStar,512,3616,0001D15C,0,1,1,4294967295,0,0
decoStar,512,3840,002EC2DA,0,1,1,4294967295,0,0
decoStar,544,3776,000381C0,0,1,1,4294967295,0,0
decoStar,672,3808,002BF9FE,0,1,1,4294967295,0,0
decoStar,704,3744,000FA30E,0,1,1,4294967295,0,0
decoStar,640,3648,00233DEB,0,1,1,4294967295,0,0
decoStar,768,3648,0008CDA7,0,1,1,4294967295,0,0
decoStar,832,3616,000EFFC4,0,1,1,4294967295,0,0
decoStar,832,3744,0039E936,0,1,1,4294967295,0,0
decoStar,864,3808,002199E1,0,1,1,4294967295,0,0
decoStar,768,3840,00052430,0,1,1,4294967295,0,0
decoStar,928,3680,00202456,0,1,1,4294967295,0,0
decoStar,992,3776,003F3429,0,1,1,4294967295,0,0
decoStar,992,3872,0028D021,0,1,1,4294967295,0,0
decoStar,1088,3840,003B60A0,0,1,1,4294967295,0,0
decoStar,1120,3744,00022F4E,0,1,1,4294967295,0,0
decoStar,1056,3712,002F4F62,0,1,1,4294967295,0,0
decoStar,992,3616,00165782,0,1,1,4294967295,0,0
decoStar,1152,3648,003A032C,0,1,1,4294967295,0,0
decoStar,1216,3712,001723E0,0,1,1,4294967295,0,0
decoStar,1216,3840,00133E5F,0,1,1,4294967295,0,0
decoStar,1280,3840,002C953B,0,1,1,4294967295,0,0
decoStar,1312,3776,0025E8C6,0,1,1,4294967295,0,0
decoStar,1280,3616,00090153,0,1,1,4294967295,0,0
decoStar,1408,3648,002D7338,0,1,1,4294967295,0,0
decoStar,1408,3744,000D6449,0,1,1,4294967295,0,0
decoStar,1440,3808,000FE418,0,1,1,4294967295,0,0
decoStar,1408,3872,0016E994,0,1,1,4294967295,0,0
decoStar,1536,3840,003F7DDA,0,1,1,4294967295,0,0
decoStar,1632,3808,001816C6,0,1,1,4294967295,0,0
decoStar,1600,3744,002F65EE,0,1,1,4294967295,0,0
decoStar,1472,3744,00140573,0,1,1,4294967295,0,0
decoStar,1536,3648,0016B7E9,0,1,1,4294967295,0,0
decoStar,1600,3616,002051D3,0,1,1,4294967295,0,0
decoStar,1696,3680,00272343,0,1,1,4294967295,0,0
decoStar,1760,3776,001FA500,0,1,1,4294967295,0,0
decoStar,1760,3616,002D97A5,0,1,1,4294967295,0,0
decoStar,1824,3712,000DDAD8,0,1,1,4294967295,0,0
decoStar,1856,3840,000DC373,0,1,1,4294967295,0,0
decoStar,1888,3744,002654FB,0,1,1,4294967295,0,0
decoStar,1920,3648,003E476C,0,1,1,4294967295,0,0
decoStar,2016,3776,003DEF0B,0,1,1,4294967295,0,0
decoStar,2080,3872,003E421B,0,1,1,4294967295,0,0
decoStar,2176,3840,00110672,0,1,1,4294967295,0,0
decoStar,2144,3776,003A7919,0,1,1,4294967295,0,0
decoStar,2080,3680,000F5FB6,0,1,1,4294967295,0,0
decoStar,2144,3648,00071E7D,0,1,1,4294967295,0,0
decoStar,2240,3712,0014AA81,0,1,1,4294967295,0,0
decoStar,2304,3648,00238890,0,1,1,4294967295,0,0
decoStar,2368,3744,001A96AD,0,1,1,4294967295,0,0
decoStar,2432,3776,0024D617,0,1,1,4294967295,0,0
decoStar,2464,3680,002426EF,0,1,1,4294967295,0,0
decoStar,2304,3808,001364AA,0,1,1,4294967295,0,0
decoStar,2400,3872,00179955,0,1,1,4294967295,0,0
decoStar,96,1632,0034D34E,0,1,1,4294967295,0,0
decoStar,288,1568,001966F8,0,1,1,4294967295,0,0
decoStar,512,1600,0014D1E8,0,1,1,4294967295,0,0
decoStar,576,1632,00158F11,0,1,1,4294967295,0,0
decoStar,704,1568,0031ECC7,0,1,1,4294967295,0,0
HillMove,2272,1829,00382020,0,1,1,4294967295,0,0
block,0,544,003A8336,0,1,1,4294967295,0,0
block,32,544,0029617D,0,1,1,4294967295,0,0
block,64,544,000AD6AF,0,1,1,4294967295,0,0
block,96,544,003B46BB,0,1,1,4294967295,0,0
block,128,544,0033308B,0,1,1,4294967295,0,0
block,160,544,00101F0B,0,1,1,4294967295,0,0
block,192,544,003CC62F,0,1,1,4294967295,0,0
block,224,544,0033D95F,0,1,1,4294967295,0,0
block,256,544,001192B9,0,1,1,4294967295,0,0
block,288,544,0025990F,0,1,1,4294967295,0,0
block,320,544,000874AF,0,1,1,4294967295,0,0
block,352,544,001AE672,0,1,1,4294967295,0,0
block,384,544,003AD2D9,0,1,1,4294967295,0,0
block,416,544,001B41CE,0,1,1,4294967295,0,0
block,448,544,003BA384,0,1,1,4294967295,0,0
block,480,544,00296529,0,1,1,4294967295,0,0
block,512,544,001E34A9,0,1,1,4294967295,0,0
block,544,544,0017731C,0,1,1,4294967295,0,0
block,576,544,0027A99B,0,1,1,4294967295,0,0
block,608,544,0031BF5D,0,1,1,4294967295,0,0
block,640,544,0014BDCA,0,1,1,4294967295,0,0
block,672,544,0024500F,0,1,1,4294967295,0,0
block,768,544,003A1404,0,1,1,4294967295,0,0
block,736,544,002A54C3,0,1,1,4294967295,0,0
block,704,544,0007A4FF,0,1,1,4294967295,0,0
block,-32,512,003E91D5,0,1,1,4294967295,0,0
block,-32,480,00392E98,0,1,1,4294967295,0,0
block,-32,448,001631BE,0,1,1,4294967295,0,0
block,-32,416,0021C30C,0,1,1,4294967295,0,0
block,-32,384,0034BA25,0,1,1,4294967295,0,0
block,-32,352,003DCD8B,0,1,1,4294967295,0,0
block,-32,320,002CBAA4,0,1,1,4294967295,0,0
block,-32,288,0010384F,0,1,1,4294967295,0,0
block,-32,256,001AFB7A,0,1,1,4294967295,0,0
block,-32,224,000F99DA,0,1,1,4294967295,0,0
block,-32,192,00360438,0,1,1,4294967295,0,0
block,-32,160,0010E565,0,1,1,4294967295,0,0
block,-32,128,00399C77,0,1,1,4294967295,0,0
block,-32,96,002D27B0,0,1,1,4294967295,0,0
block,-32,64,00158FDB,0,1,1,4294967295,0,0
block,-32,32,002C8492,0,1,1,4294967295,0,0
block,-32,0,003BCAC9,0,1,1,4294967295,0,0
block,-32,-32,00052FDA,0,1,1,4294967295,0,0
block,-32,544,001A2D6A,0,1,1,4294967295,0,0
block,0,-32,003E562D,0,1,1,4294967295,0,0
block,32,-32,003F0569,0,1,1,4294967295,0,0
block,64,-32,00013A5C,0,1,1,4294967295,0,0
block,96,-32,0017901C,0,1,1,4294967295,0,0
block,128,-32,00109621,0,1,1,4294967295,0,0
block,160,-32,002A2FAA,0,1,1,4294967295,0,0
block,192,-32,001D1DF3,0,1,1,4294967295,0,0
block,224,-32,000DFD19,0,1,1,4294967295,0,0
block,256,-32,003E3581,0,1,1,4294967295,0,0
block,288,-32,002D70A1,0,1,1,4294967295,0,0
block,320,-32,0017547A,0,1,1,4294967295,0,0
block,352,-32,0032BA75,0,1,1,4294967295,0,0
block,384,-32,0027E3F8,0,1,1,4294967295,0,0
block,416,-32,001854F9,0,1,1,4294967295,0,0
block,448,-32,003B4B8F,0,1,1,4294967295,0,0
block,480,-32,001A4BCC,0,1,1,4294967295,0,0
block,512,-32,003A7045,0,1,1,4294967295,0,0
block,544,-32,0009C62F,0,1,1,4294967295,0,0
block,576,-32,0017F42A,0,1,1,4294967295,0,0
block,608,-32,000DEA13,0,1,1,4294967295,0,0
block,640,-32,003CCB3E,0,1,1,4294967295,0,0
block,672,-32,001B2EED,0,1,1,4294967295,0,0
block,704,-32,002729D1,0,1,1,4294967295,0,0
block,736,-32,000226A4,0,1,1,4294967295,0,0
block,800,544,0013D92D,0,1,1,4294967295,0,0
block,800,512,000AEEA7,0,1,1,4294967295,0,0
block,800,480,002E01FE,0,1,1,4294967295,0,0
block,800,448,003E40DF,0,1,1,4294967295,0,0
block,800,416,002FF2F5,0,1,1,4294967295,0,0
block,800,384,003A9820,0,1,1,4294967295,0,0
block,800,352,003B9749,0,1,1,4294967295,0,0
block,800,320,000B1947,0,1,1,4294967295,0,0
block,800,288,002970A3,0,1,1,4294967295,0,0
block,800,256,001FA721,0,1,1,4294967295,0,0
block,800,224,0030C242,0,1,1,4294967295,0,0
block,800,192,001B1B60,0,1,1,4294967295,0,0
block,800,160,0028619B,0,1,1,4294967295,0,0
block,800,128,00205741,0,1,1,4294967295,0,0
block,800,96,00124415,0,1,1,4294967295,0,0
block,800,64,001C9368,0,1,1,4294967295,0,0
block,800,0,0039044C,0,1,1,4294967295,0,0
block,800,32,00180F92,0,1,1,4294967295,0,0
block,800,-32,00335501,0,1,1,4294967295,0,0
block,768,-32,000B0185,0,1,1,4294967295,0,0
block,2752,1248,0006C034,0,1,1,4294967295,0,0
block,3072,1248,001652E8,0,1,1,4294967295,0,0
WalljumpL,2432,2336,0014A749,0,1,1,4294967295,0,0
WalljumpL,2432,2368,0005C8D3,0,1,1,4294967295,0,0
WalljumpL,2432,2400,00239737,0,1,1,4294967295,0,0
WalljumpL,2432,2432,00373FA6,0,1,1,4294967295,0,0
WalljumpL,2432,2464,000056B9,0,1,1,4294967295,0,0
WalljumpR,2560,2336,001E0842,0,1,1,4294967295,0,0
WalljumpR,2560,2368,003C7687,0,1,1,4294967295,0,0
WalljumpR,2560,2400,0037C625,0,1,1,4294967295,0,0
WalljumpR,2560,2432,0010BACB,0,1,1,4294967295,0,0
WalljumpR,2560,2464,0002F831,0,1,1,4294967295,0,0
WalljumpR,2560,2496,00219901,0,1,1,4294967295,0,0
WalljumpR,2560,2528,00031EE8,0,1,1,4294967295,0,0
kumoLeft,352,832,002C81AC,0,1,1,4294967295,0,0
kumoLeft,512,832,002E4064,0,1,1,4294967295,0,0
kumoLeft,704,896,0034E84A,0,1,1,4294967295,0,0
kumoLeft,832,864,00047BBA,0,1,1,4294967295,0,0
kumoRight,736,896,00299BAF,0,1,1,4294967295,0,0
kumoRight,864,864,000036F1,0,1,1,4294967295,0,0
kumoRight,544,832,00072D1D,0,1,1,4294967295,0,0
kumoRight,384,832,001E9FCF,0,1,1,4294967295,0,0
kumoLeft,1152,928,0025588F,0,1,1,4294967295,0,0
kumoLeft,1344,864,00253343,0,1,1,4294967295,0,0
kumoRight,1184,928,0023527B,0,1,1,4294967295,0,0
kumoRight,1376,864,0026B7C4,0,1,1,4294967295,0,0
deliciousFruit,905,1228,00238667,0,1,1,4294967295,0,0
deliciousFruit,1104,1241,001C831B,0,1,1,4294967295,0,0
deliciousFruit,1135,1207,0018C93E,0,1,1,4294967295,0,0
deliciousFruit,1193,1228,002F8C79,0,1,1,4294967295,0,0
deliciousFruit,1257,1228,0000BD63,0,1,1,4294967295,0,0
deliciousFruit,1289,1228,002253EB,0,1,1,4294967295,0,0
deliciousFruit,1353,1228,00204051,0,1,1,4294967295,0,0
deliciousFruit,1385,1260,00035C7B,0,1,1,4294967295,0,0
deliciousFruit,1481,1228,00133E32,0,1,1,4294967295,0,0
deliciousFruit,1513,1228,003B797D,0,1,1,4294967295,0,0
deliciousFruit,1577,1196,0036D882,0,1,1,4294967295,0,0
deliciousFruit,1161,1340,003E15BF,0,1,1,4294967295,0,0
deliciousFruit,1193,1340,0022C65F,0,1,1,4294967295,0,0
deliciousFruit,1178,1328,003E5EE9,0,1,1,4294967295,0,0
deliciousFruit,2153,2572,0026B10F,0,1,1,4294967295,0,0
deliciousFruit,2185,2572,000154DF,0,1,1,4294967295,0,0
deliciousFruit,2281,2572,003640BC,0,1,1,4294967295,0,0
deliciousFruit,2345,2572,003F7683,0,1,1,4294967295,0,0
deliciousFruit,2377,2604,003F888A,0,1,1,4294967295,0,0
CycleSpikeDown,2752,1856,001B07B4,0,1,1,4294967295,0,0
CycleSpikeDown,2848,1856,003F01D9,0,1,1,4294967295,0,0
CycleSpikeDown,3008,1856,0016B83D,0,1,1,4294967295,0,0
CycleSpikeDown,3136,1856,000F72D9,0,1,1,4294967295,0,0
CycleSpikeDown,3168,1856,0030F45E,0,1,1,4294967295,0,0
CycleSpikeUp,3104,1888,003E5CEA,0,1,1,4294967295,0,0
CycleSpikeUp,3040,1888,000773CF,0,1,1,4294967295,0,0
CycleSpikeUp,2976,1888,00041D8F,0,1,1,4294967295,0,0
CycleSpikeUp,2880,1888,002B8CE5,0,1,1,4294967295,0,0
CycleSpikeUp,2912,1888,000FA291,0,1,1,4294967295,0,0
CycleSpikeUp,2784,1888,001EC38E,0,1,1,4294967295,0,0
CreditsChalice,96,5440,00212345,0,1,1,4294967295,0,0
CreditsChalice,544,5440,00189D8D,0,1,1,4294967295,0,0
CreditsChalice,992,5440,0012EA53,0,1,1,4294967295,0,0
CreditsChalice,1440,5440,0031C168,0,1,1,4294967295,0,0
CreditsChalice,1888,5440,001333F5,0,1,1,4294967295,0,0
CreditsChalice,2336,5440,001694B5,0,1,1,4294967295,0,0
CreditsChalice,2784,5440,00009E86,0,1,1,4294967295,0,0
CreditsChalice,3232,5440,00322C50,0,1,1,4294967295,0,0
Snifit,1126,1310,00329845,0,1,1,4294967295,0,0
CreditsBugz,448,2288,00273F5D,0,1,1,4294967295,0,0
CreditsBugz,448,2448,000563EF,0,1,1,4294967295,0,0
CreditsBugz,736,2480,001FAECD,0,1,1,4294967295,0,0
CreditsBugz,960,2320,00144B60,0,1,1,4294967295,0,0
CreditsBugz,1120,2416,00192EF4,0,1,1,4294967295,0,0
CreditsBugz,1344,2448,002D6FE1,0,1,1,4294967295,0,0
CreditsBugz,1344,2288,0022C5D5,0,1,1,4294967295,0,0
CreditsBugz,1472,2224,000756A8,0,1,1,4294967295,0,0
CreditsGrabby,2510,1702,00391E3B,0,1,1,4294967295,0,0
CreditsHawk,2808,1513,0001B381,0,1,1,4294967295,0,1
CreditsHawk,2880,1568,003AC474,0,1,1,4294967295,0,1
movingPlatform,2784,1248,003C8A9A,0,1,1,4294967295,0,1
deliciousFruit,2761,972,00109693,0,1,1,4294967295,0,0
deliciousFruit,2793,972,0009DCC2,0,1,1,4294967295,0,0
deliciousFruit,2793,1004,0024726D,0,1,1,4294967295,0,0
deliciousFruit,2857,972,00197457,0,1,1,4294967295,0,0
deliciousFruit,2857,1004,003F37A8,0,1,1,4294967295,0,0
deliciousFruit,2889,1004,0024878D,0,1,1,4294967295,0,0
deliciousFruit,2953,1004,0009E06C,0,1,1,4294967295,0,0
deliciousFruit,2985,972,0030AC2B,0,1,1,4294967295,0,0
deliciousFruit,3017,1004,0010BC77,0,1,1,4294967295,0,0
deliciousFruit,3081,1004,003DDDFA,0,1,1,4294967295,0,0
deliciousFruit,3081,972,001CE316,0,1,1,4294967295,0,0
deliciousFruit,3113,972,000F8F9C,0,1,1,4294967295,0,0
deliciousFruit,3145,972,002829AC,0,1,1,4294967295,0,0
deliciousFruit,1961,2604,0001F8BF,0,1,1,4294967295,0,0
deliciousFruit,1993,2572,00303350,0,1,1,4294967295,0,0
CreditsRyu,1098,3168,000C2388,0,1,1,4294967295,0,0
CreditsTurret,3455,4129,003499B8,0,1,1,4294967295,0,0
CreditsTurret,3551,4065,001F0D7B,0,1,1,4294967295,0,0
MommyThinker,64,4480,0017BCA4,0,1,1,4294967295,0,0
CreditsZombie,2864,1056,002F4D59,0,1,1,4294967295,0,0
CreditsZombie,2928,1056,00079E4E,0,1,1,4294967295,0,0
CreditsZombie,2992,1056,0018D8FF,0,1,1,4294967295,0,0
CreditsZombie,3056,1056,003269F1,0,1,1,4294967295,0,0
CreditsClownCar,3264,3732,002ECB50,0,1,1,4294967295,0,0
CreditsClownCar,3488,3700,0033EC57,0,1,1,4294967295,0,1
CreditsClownCar,3360,3420,000C7E42,0,1,1,4294967295,0,1
CreditsWitch,1966,3302,000E244B,0,1,1,4294967295,0,0
CreditsMedusa,1862,3316,0035A304,0,1,1,4294967295,0,0
CreditsMedusa,1766,3316,002D0F49,0,1,1,4294967295,0,0
CreditsMedusa,1670,3316,0004BDC8,0,1,1,4294967295,0,0
CreditsBirdo,2838,3100,002EA13A,0,1,1,4294967295,0,0
CreditsDragon,2328,3746,00074A21,0,1,1,4294967295,0,0
CreditsSpikeDude,2976,2658,003A306C,0,1,1,4294967295,0,0
CreditsKraidgief,2688,2336,00191F66,0,1,1,4294967295,0,0
CreditsCheep,1184,4128,00023E45,0,1,1,4294967295,0,0
CreditsSpaghet,1264,4720,002097A0,0,1,1,4294967295,0,0
CreditsSpaghet,1072,4720,000EF14F,0,1,1,4294967295,0,0
CreditsSpaghet,1360,4400,001DAFBF,0,1,1,4294967295,0,0
CreditsSpaghet,976,4400,00310719,0,1,1,4294967295,0,0
CreditsSpaghet,112,4432,00001871,0,1,1,4294967295,0,0
CreditsSpaghet,176,4432,003C4221,0,1,1,4294967295,0,0
CreditsSpaghet,336,4400,003BD1B2,0,1,1,4294967295,0,0
CreditsSpaghet,432,4368,002EC2E8,0,1,1,4294967295,0,0
CreditsSpaghet,464,4368,001C0E57,0,1,1,4294967295,0,0
CreditsSpaghet,560,4400,002D2E1F,0,1,1,4294967295,0,0
CreditsSpaghet,560,4720,00188287,0,1,1,4294967295,0,0
CreditsSpaghet,720,4624,001D2124,0,1,1,4294967295,0,0
CreditsSpaghet,720,4528,000CC316,0,1,1,4294967295,0,0
CreditsSpaghet,336,4720,0002C957,0,1,1,4294967295,0,0
CreditsMetroid,640,4704,0002F264,0,1,1,4294967295,0,0
TourianTurret,304,4464,000943A8,0,1,1,4294967295,0,0
TourianTurret,368,4464,001229FF,0,1,1,4294967295,0,0
TourianTurret,528,4464,00235DD8,0,1,1,4294967295,0,0
TourianTurret,592,4464,002DFDEA,0,1,1,4294967295,0,0
TourianTurret,784,4432,002BB908,0,1,1,4294967295,0,0
TourianTurret,944,4464,001D4BF1,0,1,1,4294967295,0,0
TourianTurret,1008,4464,0029B68E,0,1,1,4294967295,0,0
TourianTurret,1168,4432,000DE02F,0,1,1,4294967295,0,0
TourianTurret,1328,4464,001B9B1B,0,1,1,4294967295,0,0
TourianTurret,1392,4464,0020B004,0,1,1,4294967295,0,0
ShootyBarrier,960,4512,0032DE78,0,1,1,4294967295,0,0
ShootyBarrier,1344,4512,00038653,0,1,1,4294967295,0,0
ShootyBarrier,544,4512,003B78EF,0,1,1,4294967295,0,0
ShootyBarrier,320,4512,00352391,0,1,1,4294967295,0,0
CreditsDracula,464,3279,00105626,0,1,1,4294967295,0,0
EndingLeftArrow,2144,3360,00069921,0,1,1,4294967295,0,0
EndingUpRightArrow,2688,1888,002D400D,0,1,1,4294967295,0,0
EndingUpArrow,2912,1632,003174E5,0,1,1,4294967295,0,0
EndingSlowTrigger,2912,1312,003E110E,0,1,1,4294967295,0,0
EndingTysonTrigger,328,1664,001A96A3,0,1,1,4294967295,0,0
EndingLeftArrow,1216,1248,0036BD10,0,1,1,4294967295,0,0
deliciousFruit,-567,268,0025BBC2,0,1,1,4294967295,0,0
deliciousFruit,-455,267,000218D8,0,1,1,4294967295,0,0
deliciousFruit,-439,332,0023489A,0,1,1,4294967295,0,0
deliciousFruit,-513,361,00037BDA,0,1,1,4294967295,0,0
deliciousFruit,-567,332,00378062,0,1,1,4294967295,0,0
KumoPlatform,64,1216,0039379A,0,1,1,4294967295,0,0
KumoPlatform,192,1088,00009A86,0,1,1,4294967295,0,0
KumoPlatform,416,1152,000CEC3E,0,1,1,4294967295,0,0
KumoPlatform,616,1088,002E1984,0,1,1,4294967295,0,0
decoKumoLayer,0,1376,000FAAD6,0,1,1,4294967295,0,0
decoKumoLayer,0,1920,00290CE8,0,1,1,4294967295,0,1
CreditsTyson,400,1440,0035B736,0,1,1,4294967295,0,0
CreditsText,757,4730,000FCAA3,0,1,1,4294967295,0,1
CreditsText,1057,4564,000EB61B,0,1,1,4294967295,0,1
CreditsText,188,4676,0006B8F8,0,1,1,4294967295,0,1
CreditsText,954,3996,00002E9B,0,1,1,4294967295,0,1
CreditsText,2267,3959,003CE133,0,1,1,4294967295,0,1
CreditsText,3503,4113,001D63DE,0,1,1,4294967295,0,1
CreditsText,3363,3462,0034B726,0,1,1,4294967295,0,1
CreditsText,3794,3703,00128115,0,1,1,4294967295,0,1
CreditsText,3556,3203,0006B108,0,1,1,4294967295,0,1
CreditsText,3016,2605,00381D3A,0,1,1,4294967295,0,1
CreditsText,2633,2613,003A8E9E,0,1,1,4294967295,0,1
CreditsText,2187,2481,00061BE3,0,1,1,4294967295,0,1
CreditsText,1808,2277,00176214,0,1,1,4294967295,0,1
CreditsText,572,2337,0025F19A,0,1,1,4294967295,0,1
CreditsText,1124,3210,0005E17B,0,1,1,4294967295,0,1
CreditsText,465,3357,001DB65E,0,1,1,4294967295,0,1
CreditsText,1923,3379,00402CEA,0,1,1,4294967295,0,1
CreditsText,1951,3225,0008A25D,0,1,1,4294967295,0,1
CreditsText,2247,1779,0023C3BA,0,1,1,4294967295,0,1
CreditsText,2548,1664,003D9EE8,0,1,1,4294967295,0,1
CreditsText,2848,1467,00255990,0,1,1,4294967295,0,1
CreditsText,2945,1031,0030ACD2,0,1,1,4294967295,0,1
CreditsText,3192,971,000FFFA0,0,1,1,4294967295,0,1
CreditsText,1227,1569,001DB5A4,0,1,1,4294967295,0,1
CreditsText,1304,1304,0003EAEF,0,1,1,4294967295,0,1
CreditsText,389,1715,00304CEB,0,1,1,4294967295,0,1
CreditsText,779,5597,000754B4,0,1,1,4294967295,0,1
CreditsText,3024,5601,00378905,0,1,1,4294967295,0,1
CreditsText,1259,4074,001E5998,0,1,1,4294967295,0,1
EndingController,1216,1696,003BE139,0,1,1,4294967295,0,0
CreditsKid,748,535,000CA706,0,1,1,4294967295,0,0
CreditsKids2,1031,523,0030E6FC,0,1,1,4294967295,0,0
CreditsKids2,1129,524,002D7C6C,0,1,1,4294967295,0,0
CreditsKids2,1184,524,002CA19D,0,1,1,4294967295,0,0
CreditsKids2,1209,523,001531C0,0,1,1,4294967295,0,0
CreditsKids2,1228,523,001DDC89,0,1,1,4294967295,0,0
CreditsKids3,1081,524,001B07BE,0,1,1,4294967295,0,0
CreditsKids3,1192,524,0014A850,0,1,1,4294967295,0,0
CreditsKids4,1152,524,000F8C3D,0,1,1,4294967295,0,0
CreditsKids4,1218,525,000EBFAA,0,1,1,4294967295,0,0
CreditsKids,932,525,00376B91,0,1,1,4294967295,0,0
CreditsKids,1113,524,00268231,0,1,1,4294967295,0,0
CreditsKids,1162,524,00397EBC,0,1,1,4294967295,0,0
