tileMaster,320,2368,32,448,32,32,0,1,1,4294967295
tileMaster,288,2368,32,448,32,32,0,1,1,4294967295
tileMaster,256,2368,32,448,32,32,0,1,1,4294967295
tileMaster,224,2368,32,448,32,32,0,1,1,4294967295
tileMaster,192,2368,32,448,32,32,0,1,1,4294967295
tileMaster,160,2368,32,448,32,32,0,1,1,4294967295
tileMaster,128,2368,32,448,32,32,0,1,1,4294967295
tileMaster,96,2368,32,448,32,32,0,1,1,4294967295
tileMaster,64,2368,32,448,32,32,0,1,1,4294967295
tileMaster,0,2368,32,448,32,32,0,1,1,4294967295
tileMaster,32,2368,32,448,32,32,0,1,1,4294967295
tileMaster,32,2336,32,448,32,32,0,1,1,4294967295
tileMaster,0,2336,32,448,32,32,0,1,1,4294967295
tileMaster,0,2304,32,448,32,32,0,1,1,4294967295
tileMaster,0,2272,32,448,32,32,0,1,1,4294967295
tileMaster,0,2240,32,448,32,32,0,1,1,4294967295
tileMaster,0,2208,32,448,32,32,0,1,1,4294967295
tileMaster,32,2208,32,448,32,32,0,1,1,4294967295
tileMaster,64,2208,32,448,32,32,0,1,1,4294967295
tileMaster,96,2208,32,448,32,32,0,1,1,4294967295
tileMaster,128,2208,32,448,32,32,0,1,1,4294967295
tileMaster,160,2208,32,448,32,32,0,1,1,4294967295
tileMaster,192,2208,32,448,32,32,0,1,1,4294967295
tileMaster,224,2208,32,448,32,32,0,1,1,4294967295
tileMaster,256,2208,32,448,32,32,0,1,1,4294967295
tileMaster,288,2208,32,448,32,32,0,1,1,4294967295
tileMaster,320,2208,32,448,32,32,0,1,1,4294967295
tileMaster,320,2240,32,448,32,32,0,1,1,4294967295
tileMaster,320,2272,32,448,32,32,0,1,1,4294967295
tileMaster,320,2304,32,448,32,32,0,1,1,4294967295
tileMaster,320,2336,32,448,32,32,0,1,1,4294967295
tileMaster,288,2336,32,448,32,32,0,1,1,4294967295
tileMaster,256,2336,32,448,32,32,0,1,1,4294967295
tileMaster,224,2336,32,448,32,32,0,1,1,4294967295
tileMaster,192,2336,32,448,32,32,0,1,1,4294967295
tileMaster,160,2336,32,448,32,32,0,1,1,4294967295
tileMaster,128,2336,32,448,32,32,0,1,1,4294967295
tileMaster,96,2336,32,448,32,32,0,1,1,4294967295
tileMaster,96,2304,32,448,32,32,0,1,1,4294967295
tileMaster,64,2304,32,448,32,32,0,1,1,4294967295
tileMaster,64,2336,32,448,32,32,0,1,1,4294967295
tileMaster,32,2304,32,448,32,32,0,1,1,4294967295
tileMaster,32,2272,32,448,32,32,0,1,1,4294967295
tileMaster,32,2240,32,448,32,32,0,1,1,4294967295
tileMaster,64,2240,32,448,32,32,0,1,1,4294967295
tileMaster,96,2240,32,448,32,32,0,1,1,4294967295
tileMaster,128,2240,32,448,32,32,0,1,1,4294967295
tileMaster,160,2240,32,448,32,32,0,1,1,4294967295
tileMaster,192,2240,32,448,32,32,0,1,1,4294967295
tileMaster,224,2240,32,448,32,32,0,1,1,4294967295
tileMaster,256,2240,32,448,32,32,0,1,1,4294967295
tileMaster,288,2240,32,448,32,32,0,1,1,4294967295
tileMaster,288,2272,32,448,32,32,0,1,1,4294967295
tileMaster,288,2304,32,448,32,32,0,1,1,4294967295
tileMaster,256,2304,32,448,32,32,0,1,1,4294967295
tileMaster,224,2304,32,448,32,32,0,1,1,4294967295
tileMaster,192,2304,32,448,32,32,0,1,1,4294967295
tileMaster,160,2304,32,448,32,32,0,1,1,4294967295
tileMaster,256,2272,32,448,32,32,0,1,1,4294967295
tileMaster,224,2272,32,448,32,32,0,1,1,4294967295
tileMaster,192,2272,32,448,32,32,0,1,1,4294967295
tileMaster,160,2272,32,448,32,32,0,1,1,4294967295
tileMaster,128,2272,32,448,32,32,0,1,1,4294967295
tileMaster,96,2272,32,448,32,32,0,1,1,4294967295
tileMaster,64,2272,32,448,32,32,0,1,1,4294967295
tileMaster,128,2304,32,448,32,32,0,1,1,4294967295
tileMaster,0,2400,32,448,32,32,0,1,1,4294967295
tileMaster,0,2432,32,448,32,32,0,1,1,4294967295
tileMaster,0,2464,32,448,32,32,0,1,1,4294967295
tileMaster,0,2496,32,448,32,32,0,1,1,4294967295
tileMaster,0,2528,32,448,32,32,0,1,1,4294967295
tileMaster,0,2560,32,448,32,32,0,1,1,4294967295
tileMaster,0,2592,32,448,32,32,0,1,1,4294967295
tileMaster,0,2624,32,448,32,32,0,1,1,4294967295
tileMaster,0,2656,32,448,32,32,0,1,1,4294967295
tileMaster,0,2688,32,448,32,32,0,1,1,4294967295
tileMaster,0,2720,32,448,32,32,0,1,1,4294967295
tileMaster,0,2752,32,448,32,32,0,1,1,4294967295
tileMaster,0,2784,32,448,32,32,0,1,1,4294967295
tileMaster,0,2976,32,448,32,32,0,1,1,4294967295
tileMaster,0,3008,32,448,32,32,0,1,1,4294967295
tileMaster,768,3008,32,448,32,32,0,1,1,4294967295
tileMaster,768,2976,32,448,32,32,0,1,1,4294967295
tileMaster,768,2944,32,448,32,32,0,1,1,4294967295
tileMaster,768,2912,32,448,32,32,0,1,1,4294967295
tileMaster,768,2896,32,448,32,32,0,1,1,4294967295
tileMaster,768,2848,32,448,32,32,0,1,1,4294967295
tileMaster,768,2816,32,448,32,32,0,1,1,4294967295
tileMaster,768,2784,32,448,32,32,0,1,1,4294967295
tileMaster,768,2752,32,448,32,32,0,1,1,4294967295
tileMaster,736,2752,32,448,32,32,0,1,1,4294967295
tileMaster,704,2752,32,448,32,32,0,1,1,4294967295
tileMaster,672,2752,32,448,32,32,0,1,1,4294967295
tileMaster,672,2720,32,448,32,32,0,1,1,4294967295
tileMaster,640,2720,32,448,32,32,0,1,1,4294967295
tileMaster,608,2720,32,448,32,32,0,1,1,4294967295
tileMaster,576,2720,32,448,32,32,0,1,1,4294967295
tileMaster,544,2752,32,448,32,32,0,1,1,4294967295
tileMaster,576,2752,32,448,32,32,0,1,1,4294967295
tileMaster,608,2752,32,448,32,32,0,1,1,4294967295
tileMaster,640,2752,32,448,32,32,0,1,1,4294967295
tileMaster,544,2720,32,448,32,32,0,1,1,4294967295
tileMaster,544,2688,32,448,32,32,0,1,1,4294967295
tileMaster,544,2656,32,448,32,32,0,1,1,4294967295
tileMaster,576,2656,32,448,32,32,0,1,1,4294967295
tileMaster,608,2656,32,448,32,32,0,1,1,4294967295
tileMaster,640,2656,32,448,32,32,0,1,1,4294967295
tileMaster,672,2656,32,448,32,32,0,1,1,4294967295
tileMaster,704,2656,32,448,32,32,0,1,1,4294967295
tileMaster,736,2656,32,448,32,32,0,1,1,4294967295
tileMaster,768,2656,32,448,32,32,0,1,1,4294967295
tileMaster,768,2688,32,448,32,32,0,1,1,4294967295
tileMaster,768,2720,32,448,32,32,0,1,1,4294967295
tileMaster,704,2720,32,448,32,32,0,1,1,4294967295
tileMaster,736,2720,32,448,32,32,0,1,1,4294967295
tileMaster,736,2688,32,448,32,32,0,1,1,4294967295
tileMaster,704,2688,32,448,32,32,0,1,1,4294967295
tileMaster,672,2688,32,448,32,32,0,1,1,4294967295
tileMaster,640,2688,32,448,32,32,0,1,1,4294967295
tileMaster,608,2688,32,448,32,32,0,1,1,4294967295
tileMaster,576,2688,32,448,32,32,0,1,1,4294967295
tileMaster,768,2624,32,448,32,32,0,1,1,4294967295
tileMaster,768,2592,32,448,32,32,0,1,1,4294967295
tileMaster,768,2560,32,448,32,32,0,1,1,4294967295
tileMaster,768,2528,32,448,32,32,0,1,1,4294967295
tileMaster,768,2496,32,448,32,32,0,1,1,4294967295
tileMaster,768,2464,32,448,32,32,0,1,1,4294967295
tileMaster,768,2432,32,448,32,32,0,1,1,4294967295
tileMaster,768,2400,32,448,32,32,0,1,1,4294967295
tileMaster,736,2400,32,448,32,32,0,1,1,4294967295
tileMaster,704,2400,32,448,32,32,0,1,1,4294967295
tileMaster,672,2400,32,448,32,32,0,1,1,4294967295
tileMaster,640,2400,32,448,32,32,0,1,1,4294967295
tileMaster,608,2400,32,448,32,32,0,1,1,4294967295
tileMaster,576,2400,32,448,32,32,0,1,1,4294967295
tileMaster,544,2400,32,448,32,32,0,1,1,4294967295
tileMaster,512,2400,32,448,32,32,0,1,1,4294967295
tileMaster,480,2400,32,448,32,32,0,1,1,4294967295
tileMaster,448,2400,32,448,32,32,0,1,1,4294967295
tileMaster,416,2400,32,448,32,32,0,1,1,4294967295
tileMaster,416,2432,32,448,32,32,0,1,1,4294967295
tileMaster,416,2464,32,448,32,32,0,1,1,4294967295
tileMaster,416,2368,32,448,32,32,0,1,1,4294967295
tileMaster,448,2368,32,448,32,32,0,1,1,4294967295
tileMaster,480,2368,32,448,32,32,0,1,1,4294967295
tileMaster,448,2336,32,448,32,32,0,1,1,4294967295
tileMaster,480,2336,32,448,32,32,0,1,1,4294967295
tileMaster,512,2336,32,448,32,32,0,1,1,4294967295
tileMaster,480,2304,32,448,32,32,0,1,1,4294967295
tileMaster,512,2304,32,448,32,32,0,1,1,4294967295
tileMaster,544,2304,32,448,32,32,0,1,1,4294967295
tileMaster,512,2368,32,448,32,32,0,1,1,4294967295
tileMaster,544,2368,32,448,32,32,0,1,1,4294967295
tileMaster,608,2368,32,448,32,32,0,1,1,4294967295
tileMaster,576,2368,32,448,32,32,0,1,1,4294967295
tileMaster,576,2336,32,448,32,32,0,1,1,4294967295
tileMaster,544,2336,32,448,32,32,0,1,1,4294967295
tileMaster,576,2304,32,448,32,32,0,1,1,4294967295
tileMaster,608,2336,32,448,32,32,0,1,1,4294967295
tileMaster,640,2336,32,448,32,32,0,1,1,4294967295
tileMaster,672,2336,32,448,32,32,0,1,1,4294967295
tileMaster,704,2336,32,448,32,32,0,1,1,4294967295
tileMaster,736,2336,32,448,32,32,0,1,1,4294967295
tileMaster,736,2368,32,448,32,32,0,1,1,4294967295
tileMaster,704,2368,32,448,32,32,0,1,1,4294967295
tileMaster,672,2368,32,448,32,32,0,1,1,4294967295
tileMaster,640,2368,32,448,32,32,0,1,1,4294967295
tileMaster,128,2592,32,448,32,32,0,1,1,4294967295
tileMaster,128,2624,32,448,32,32,0,1,1,4294967295
tileMaster,128,2656,32,448,32,32,0,1,1,4294967295
tileMaster,128,2688,32,448,32,32,0,1,1,4294967295
tileMaster,128,2720,32,448,32,32,0,1,1,4294967295
tileMaster,128,2752,32,448,32,32,0,1,1,4294967295
tileMaster,128,2784,32,448,32,32,0,1,1,4294967295
tileMaster,128,2816,32,448,32,32,0,1,1,4294967295
tileMaster,128,2848,32,448,32,32,0,1,1,4294967295
tileMaster,160,2848,32,448,32,32,0,1,1,4294967295
tileMaster,192,2848,32,448,32,32,0,1,1,4294967295
tileMaster,160,2816,32,448,32,32,0,1,1,4294967295
tileMaster,192,2816,32,448,32,32,0,1,1,4294967295
tileMaster,224,2816,32,448,32,32,0,1,1,4294967295
tileMaster,256,2816,32,448,32,32,0,1,1,4294967295
tileMaster,288,2816,32,448,32,32,0,1,1,4294967295
tileMaster,288,2784,32,448,32,32,0,1,1,4294967295
tileMaster,256,2784,32,448,32,32,0,1,1,4294967295
tileMaster,224,2784,32,448,32,32,0,1,1,4294967295
tileMaster,192,2784,32,448,32,32,0,1,1,4294967295
tileMaster,160,2784,32,448,32,32,0,1,1,4294967295
tileMaster,320,2784,32,448,32,32,0,1,1,4294967295
tileMaster,352,2784,32,448,32,32,0,1,1,4294967295
tileMaster,384,2784,32,448,32,32,0,1,1,4294967295
tileMaster,384,2752,32,448,32,32,0,1,1,4294967295
tileMaster,416,2752,32,448,32,32,0,1,1,4294967295
tileMaster,448,2752,32,448,32,32,0,1,1,4294967295
tileMaster,480,2752,32,448,32,32,0,1,1,4294967295
tileMaster,480,2720,32,448,32,32,0,1,1,4294967295
tileMaster,448,2720,32,448,32,32,0,1,1,4294967295
tileMaster,416,2720,32,448,32,32,0,1,1,4294967295
tileMaster,384,2720,32,448,32,32,0,1,1,4294967295
tileMaster,352,2720,32,448,32,32,0,1,1,4294967295
tileMaster,352,2752,32,448,32,32,0,1,1,4294967295
tileMaster,320,2752,32,448,32,32,0,1,1,4294967295
tileMaster,288,2752,32,448,32,32,0,1,1,4294967295
tileMaster,256,2752,32,448,32,32,0,1,1,4294967295
tileMaster,224,2752,32,448,32,32,0,1,1,4294967295
tileMaster,192,2752,32,448,32,32,0,1,1,4294967295
tileMaster,160,2752,32,448,32,32,0,1,1,4294967295
tileMaster,160,2720,32,448,32,32,0,1,1,4294967295
tileMaster,192,2720,32,448,32,32,0,1,1,4294967295
tileMaster,224,2720,32,448,32,32,0,1,1,4294967295
tileMaster,256,2720,32,448,32,32,0,1,1,4294967295
tileMaster,288,2720,32,448,32,32,0,1,1,4294967295
tileMaster,320,2720,32,448,32,32,0,1,1,4294967295
tileMaster,320,2688,32,448,32,32,0,1,1,4294967295
tileMaster,288,2688,32,448,32,32,0,1,1,4294967295
tileMaster,256,2688,32,448,32,32,0,1,1,4294967295
tileMaster,224,2688,32,448,32,32,0,1,1,4294967295
tileMaster,192,2688,32,448,32,32,0,1,1,4294967295
tileMaster,160,2688,32,448,32,32,0,1,1,4294967295
tileMaster,160,2656,32,448,32,32,0,1,1,4294967295
tileMaster,192,2656,32,448,32,32,0,1,1,4294967295
tileMaster,224,2656,32,448,32,32,0,1,1,4294967295
tileMaster,256,2656,32,448,32,32,0,1,1,4294967295
tileMaster,288,2656,32,448,32,32,0,1,1,4294967295
tileMaster,320,2656,32,448,32,32,0,1,1,4294967295
tileMaster,352,2656,32,448,32,32,0,1,1,4294967295
tileMaster,384,2656,32,448,32,32,0,1,1,4294967295
tileMaster,416,2656,32,448,32,32,0,1,1,4294967295
tileMaster,448,2656,32,448,32,32,0,1,1,4294967295
tileMaster,480,2656,32,448,32,32,0,1,1,4294967295
tileMaster,480,2688,32,448,32,32,0,1,1,4294967295
tileMaster,448,2688,32,448,32,32,0,1,1,4294967295
tileMaster,416,2688,32,448,32,32,0,1,1,4294967295
tileMaster,384,2688,32,448,32,32,0,1,1,4294967295
tileMaster,352,2688,32,448,32,32,0,1,1,4294967295
tileMaster,736,2624,0,448,32,32,0,1,1,4294967295
tileMaster,704,2624,0,448,32,32,0,1,1,4294967295
tileMaster,672,2624,0,448,32,32,0,1,1,4294967295
tileMaster,640,2624,0,448,32,32,0,1,1,4294967295
tileMaster,608,2624,0,448,32,32,0,1,1,4294967295
tileMaster,576,2624,0,448,32,32,0,1,1,4294967295
tileMaster,544,2624,0,448,32,32,0,1,1,4294967295
tileMaster,480,2624,0,448,32,32,0,1,1,4294967295
tileMaster,448,2624,0,448,32,32,0,1,1,4294967295
tileMaster,416,2624,0,448,32,32,0,1,1,4294967295
tileMaster,384,2624,0,448,32,32,0,1,1,4294967295
tileMaster,352,2624,0,448,32,32,0,1,1,4294967295
tileMaster,320,2624,0,448,32,32,0,1,1,4294967295
tileMaster,288,2624,0,448,32,32,0,1,1,4294967295
tileMaster,256,2624,0,448,32,32,0,1,1,4294967295
tileMaster,224,2624,0,448,32,32,0,1,1,4294967295
tileMaster,192,2624,0,448,32,32,0,1,1,4294967295
tileMaster,160,2624,0,448,32,32,0,1,1,4294967295
tileMaster,128,2560,0,448,32,32,0,1,1,4294967295
tileMaster,96,2560,0,448,32,32,0,1,1,4294967295
tileMaster,64,2560,0,448,32,32,0,1,1,4294967295
tileMaster,32,2560,0,448,32,32,0,1,1,4294967295
tileMaster,224,2464,0,448,32,32,0,1,1,4294967295
tileMaster,256,2464,0,448,32,32,0,1,1,4294967295
tileMaster,288,2464,0,448,32,32,0,1,1,4294967295
tileMaster,320,2464,0,448,32,32,0,1,1,4294967295
tileMaster,352,2464,0,448,32,32,0,1,1,4294967295
tileMaster,384,2464,0,448,32,32,0,1,1,4294967295
tileMaster,416,2336,0,448,32,32,0,1,1,4294967295
tileMaster,448,2304,0,448,32,32,0,1,1,4294967295
tileMaster,480,2272,0,448,32,32,0,1,1,4294967295
tileMaster,512,2272,0,448,32,32,0,1,1,4294967295
tileMaster,544,2272,0,448,32,32,0,1,1,4294967295
tileMaster,576,2272,0,448,32,32,0,1,1,4294967295
tileMaster,608,2304,0,448,32,32,0,1,1,4294967295
tileMaster,640,2304,0,448,32,32,0,1,1,4294967295
tileMaster,672,2304,0,448,32,32,0,1,1,4294967295
tileMaster,704,2304,0,448,32,32,0,1,1,4294967295
tileMaster,736,2304,0,448,32,32,0,1,1,4294967295
tileMaster,768,2368,32,448,32,32,0,1,1,4294967295
tileMaster,768,2336,32,448,32,32,0,1,1,4294967295
tileMaster,768,2304,32,448,32,32,0,1,1,4294967295
tileMaster,768,2272,32,448,32,32,0,1,1,4294967295
tileMaster,768,2240,32,448,32,32,0,1,1,4294967295
tileMaster,768,2208,32,448,32,32,0,1,1,4294967295
tileMaster,768,2176,32,448,32,32,0,1,1,4294967295
tileMaster,768,2144,32,448,32,32,0,1,1,4294967295
tileMaster,352,2176,32,448,32,32,0,1,1,4294967295
tileMaster,384,2144,32,448,32,32,0,1,1,4294967295
tileMaster,320,2176,32,448,32,32,0,1,1,4294967295
tileMaster,352,2144,32,448,32,32,0,1,1,4294967295
tileMaster,32,3008,0,448,32,32,0,1,1,4294967295
tileMaster,64,3008,0,448,32,32,0,1,1,4294967295
tileMaster,96,3008,0,448,32,32,0,1,1,4294967295
tileMaster,128,3008,0,448,32,32,0,1,1,4294967295
tileMaster,160,3008,0,448,32,32,0,1,1,4294967295
tileMaster,192,3008,0,448,32,32,0,1,1,4294967295
tileMaster,224,3008,0,448,32,32,0,1,1,4294967295
tileMaster,256,3008,0,448,32,32,0,1,1,4294967295
tileMaster,288,3008,0,448,32,32,0,1,1,4294967295
tileMaster,320,3008,0,448,32,32,0,1,1,4294967295
tileMaster,352,3008,0,448,32,32,0,1,1,4294967295
tileMaster,384,3008,0,448,32,32,0,1,1,4294967295
tileMaster,416,3008,0,448,32,32,0,1,1,4294967295
tileMaster,448,3008,0,448,32,32,0,1,1,4294967295
tileMaster,480,3008,0,448,32,32,0,1,1,4294967295
tileMaster,512,3008,0,448,32,32,0,1,1,4294967295
tileMaster,544,3008,0,448,32,32,0,1,1,4294967295
tileMaster,576,3008,0,448,32,32,0,1,1,4294967295
tileMaster,608,3008,0,448,32,32,0,1,1,4294967295
tileMaster,640,3008,0,448,32,32,0,1,1,4294967295
tileMaster,672,3008,0,448,32,32,0,1,1,4294967295
tileMaster,704,3008,0,448,32,32,0,1,1,4294967295
tileMaster,736,3008,0,448,32,32,0,1,1,4294967295
tileMaster,0,2944,0,448,32,32,0,1,1,4294967295
tileMaster,32,2784,0,448,32,32,0,1,1,4294967295
tileMaster,416,2112,32,448,32,32,0,1,1,4294967295
tileMaster,384,2112,32,448,32,32,0,1,1,4294967295
tileMaster,352,2112,32,448,32,32,0,1,1,4294967295
tileMaster,320,2112,32,448,32,32,0,1,1,4294967295
tileMaster,320,2144,32,448,32,32,0,1,1,4294967295
tileMaster,768,2112,32,448,32,32,0,1,1,4294967295
tileMaster,768,2080,32,448,32,32,0,1,1,4294967295
tileMaster,768,2048,32,448,32,32,0,1,1,4294967295
tileMaster,768,2016,32,448,32,32,0,1,1,4294967295
tileMaster,768,1984,32,448,32,32,0,1,1,4294967295
tileMaster,768,1952,32,448,32,32,0,1,1,4294967295
tileMaster,736,1952,32,448,32,32,0,1,1,4294967295
tileMaster,704,1952,32,448,32,32,0,1,1,4294967295
tileMaster,672,1952,32,448,32,32,0,1,1,4294967295
tileMaster,640,1952,32,448,32,32,0,1,1,4294967295
tileMaster,608,1952,32,448,32,32,0,1,1,4294967295
tileMaster,576,1952,32,448,32,32,0,1,1,4294967295
tileMaster,544,1952,32,448,32,32,0,1,1,4294967295
tileMaster,512,1952,32,448,32,32,0,1,1,4294967295
tileMaster,480,1952,32,448,32,32,0,1,1,4294967295
tileMaster,448,1952,32,448,32,32,0,1,1,4294967295
tileMaster,416,1952,32,448,32,32,0,1,1,4294967295
tileMaster,416,1920,32,448,32,32,0,1,1,4294967295
tileMaster,384,1920,32,448,32,32,0,1,1,4294967295
tileMaster,352,1920,32,448,32,32,0,1,1,4294967295
tileMaster,320,1920,32,448,32,32,0,1,1,4294967295
tileMaster,288,1920,32,448,32,32,0,1,1,4294967295
tileMaster,288,1952,32,448,32,32,0,1,1,4294967295
tileMaster,320,1952,32,448,32,32,0,1,1,4294967295
tileMaster,352,1952,32,448,32,32,0,1,1,4294967295
tileMaster,384,1952,32,448,32,32,0,1,1,4294967295
tileMaster,256,2048,32,448,32,32,0,1,1,4294967295
tileMaster,256,2016,32,448,32,32,0,1,1,4294967295
tileMaster,256,1984,32,448,32,32,0,1,1,4294967295
tileMaster,256,1952,32,448,32,32,0,1,1,4294967295
tileMaster,256,1920,32,448,32,32,0,1,1,4294967295
tileMaster,256,1888,32,448,32,32,0,1,1,4294967295
tileMaster,256,1856,32,448,32,32,0,1,1,4294967295
tileMaster,256,1824,32,448,32,32,0,1,1,4294967295
tileMaster,256,1792,32,448,32,32,0,1,1,4294967295
tileMaster,288,1792,32,448,32,32,0,1,1,4294967295
tileMaster,320,1792,32,448,32,32,0,1,1,4294967295
tileMaster,352,1792,32,448,32,32,0,1,1,4294967295
tileMaster,384,1792,32,448,32,32,0,1,1,4294967295
tileMaster,416,1792,32,448,32,32,0,1,1,4294967295
tileMaster,448,1792,32,448,32,32,0,1,1,4294967295
tileMaster,480,1792,32,448,32,32,0,1,1,4294967295
tileMaster,512,1792,32,448,32,32,0,1,1,4294967295
tileMaster,544,1792,32,448,32,32,0,1,1,4294967295
tileMaster,576,1792,32,448,32,32,0,1,1,4294967295
tileMaster,608,1792,32,448,32,32,0,1,1,4294967295
tileMaster,608,1824,32,448,32,32,0,1,1,4294967295
tileMaster,640,1824,32,448,32,32,0,1,1,4294967295
tileMaster,672,1824,32,448,32,32,0,1,1,4294967295
tileMaster,704,1824,32,448,32,32,0,1,1,4294967295
tileMaster,736,1824,32,448,32,32,0,1,1,4294967295
tileMaster,768,1824,32,448,32,32,0,1,1,4294967295
tileMaster,768,1856,32,448,32,32,0,1,1,4294967295
tileMaster,768,1888,32,448,32,32,0,1,1,4294967295
tileMaster,768,1920,32,448,32,32,0,1,1,4294967295
tileMaster,736,1920,32,448,32,32,0,1,1,4294967295
tileMaster,704,1920,32,448,32,32,0,1,1,4294967295
tileMaster,672,1920,32,448,32,32,0,1,1,4294967295
tileMaster,640,1920,32,448,32,32,0,1,1,4294967295
tileMaster,608,1920,32,448,32,32,0,1,1,4294967295
tileMaster,576,1920,32,448,32,32,0,1,1,4294967295
tileMaster,544,1920,32,448,32,32,0,1,1,4294967295
tileMaster,512,1920,32,448,32,32,0,1,1,4294967295
tileMaster,480,1920,32,448,32,32,0,1,1,4294967295
tileMaster,448,1920,32,448,32,32,0,1,1,4294967295
tileMaster,448,1888,32,448,32,32,0,1,1,4294967295
tileMaster,480,1888,32,448,32,32,0,1,1,4294967295
tileMaster,512,1888,32,448,32,32,0,1,1,4294967295
tileMaster,544,1888,32,448,32,32,0,1,1,4294967295
tileMaster,576,1888,32,448,32,32,0,1,1,4294967295
tileMaster,608,1888,32,448,32,32,0,1,1,4294967295
tileMaster,640,1888,32,448,32,32,0,1,1,4294967295
tileMaster,672,1888,32,448,32,32,0,1,1,4294967295
tileMaster,704,1888,32,448,32,32,0,1,1,4294967295
tileMaster,736,1856,32,448,32,32,0,1,1,4294967295
tileMaster,704,1856,32,448,32,32,0,1,1,4294967295
tileMaster,672,1856,32,448,32,32,0,1,1,4294967295
tileMaster,640,1856,32,448,32,32,0,1,1,4294967295
tileMaster,608,1856,32,448,32,32,0,1,1,4294967295
tileMaster,576,1856,32,448,32,32,0,1,1,4294967295
tileMaster,544,1856,32,448,32,32,0,1,1,4294967295
tileMaster,736,1888,32,448,32,32,0,1,1,4294967295
tileMaster,576,1824,32,448,32,32,0,1,1,4294967295
tileMaster,544,1824,32,448,32,32,0,1,1,4294967295
tileMaster,512,1824,32,448,32,32,0,1,1,4294967295
tileMaster,480,1824,32,448,32,32,0,1,1,4294967295
tileMaster,448,1824,32,448,32,32,0,1,1,4294967295
tileMaster,416,1824,32,448,32,32,0,1,1,4294967295
tileMaster,384,1824,32,448,32,32,0,1,1,4294967295
tileMaster,352,1824,32,448,32,32,0,1,1,4294967295
tileMaster,320,1824,32,448,32,32,0,1,1,4294967295
tileMaster,288,1824,32,448,32,32,0,1,1,4294967295
tileMaster,288,1856,32,448,32,32,0,1,1,4294967295
tileMaster,288,1888,32,448,32,32,0,1,1,4294967295
tileMaster,352,1888,32,448,32,32,0,1,1,4294967295
tileMaster,320,1888,32,448,32,32,0,1,1,4294967295
tileMaster,320,1856,32,448,32,32,0,1,1,4294967295
tileMaster,352,1856,32,448,32,32,0,1,1,4294967295
tileMaster,384,1856,32,448,32,32,0,1,1,4294967295
tileMaster,416,1856,32,448,32,32,0,1,1,4294967295
tileMaster,448,1856,32,448,32,32,0,1,1,4294967295
tileMaster,480,1856,32,448,32,32,0,1,1,4294967295
tileMaster,512,1856,32,448,32,32,0,1,1,4294967295
tileMaster,416,1888,32,448,32,32,0,1,1,4294967295
tileMaster,384,1888,32,448,32,32,0,1,1,4294967295
tileMaster,32,1472,0,448,32,32,0,1,1,4294967295
tileMaster,96,1472,0,448,32,32,0,1,1,4294967295
tileMaster,128,1472,0,448,32,32,0,1,1,4294967295
tileMaster,224,1536,0,448,32,32,0,1,1,4294967295
tileMaster,256,1536,0,448,32,32,0,1,1,4294967295
tileMaster,192,1568,0,448,32,32,0,1,1,4294967295
tileMaster,160,1568,0,448,32,32,0,1,1,4294967295
tileMaster,64,1568,0,448,32,32,0,1,1,4294967295
tileMaster,32,1600,0,448,32,32,0,1,1,4294967295
tileMaster,32,1664,0,448,32,32,0,1,1,4294967295
tileMaster,64,1664,0,448,32,32,0,1,1,4294967295
tileMaster,96,1664,0,448,32,32,0,1,1,4294967295
tileMaster,128,1664,0,448,32,32,0,1,1,4294967295
tileMaster,160,1664,0,448,32,32,0,1,1,4294967295
tileMaster,192,1664,0,448,32,32,0,1,1,4294967295
tileMaster,256,1664,0,448,32,32,0,1,1,4294967295
tileMaster,224,1792,0,448,32,32,0,1,1,4294967295
tileMaster,192,1792,0,448,32,32,0,1,1,4294967295
tileMaster,160,1792,0,448,32,32,0,1,1,4294967295
tileMaster,128,1792,0,448,32,32,0,1,1,4294967295
tileMaster,96,1792,0,448,32,32,0,1,1,4294967295
tileMaster,192,1920,0,448,32,32,0,1,1,4294967295
tileMaster,160,1920,0,448,32,32,0,1,1,4294967295
tileMaster,128,1920,0,448,32,32,0,1,1,4294967295
tileMaster,96,1920,0,448,32,32,0,1,1,4294967295
tileMaster,64,1920,0,448,32,32,0,1,1,4294967295
tileMaster,32,1920,0,448,32,32,0,1,1,4294967295
tileMaster,224,2048,0,448,32,32,0,1,1,4294967295
tileMaster,192,2048,0,448,32,32,0,1,1,4294967295
tileMaster,160,2048,0,448,32,32,0,1,1,4294967295
tileMaster,128,2048,0,448,32,32,0,1,1,4294967295
tileMaster,96,2048,0,448,32,32,0,1,1,4294967295
tileMaster,288,2176,0,448,32,32,0,1,1,4294967295
tileMaster,256,2176,0,448,32,32,0,1,1,4294967295
tileMaster,224,2176,0,448,32,32,0,1,1,4294967295
tileMaster,192,2176,0,448,32,32,0,1,1,4294967295
tileMaster,160,2176,0,448,32,32,0,1,1,4294967295
tileMaster,128,2176,0,448,32,32,0,1,1,4294967295
tileMaster,96,2176,0,448,32,32,0,1,1,4294967295
tileMaster,64,2176,0,448,32,32,0,1,1,4294967295
tileMaster,32,2176,0,448,32,32,0,1,1,4294967295
tileMaster,320,2080,0,448,32,32,0,1,1,4294967295
tileMaster,352,2080,0,448,32,32,0,1,1,4294967295
tileMaster,384,2080,0,448,32,32,0,1,1,4294967295
tileMaster,416,2080,0,448,32,32,0,1,1,4294967295
tileMaster,448,2080,0,448,32,32,0,1,1,4294967295
tileMaster,480,2080,0,448,32,32,0,1,1,4294967295
tileMaster,512,2080,0,448,32,32,0,1,1,4294967295
tileMaster,544,2080,0,448,32,32,0,1,1,4294967295
tileMaster,576,2080,0,448,32,32,0,1,1,4294967295
tileMaster,608,2080,0,448,32,32,0,1,1,4294967295
tileMaster,640,2080,0,448,32,32,0,1,1,4294967295
tileMaster,0,2176,32,448,32,32,0,1,1,4294967295
tileMaster,0,2144,32,448,32,32,0,1,1,4294967295
tileMaster,0,2112,32,448,32,32,0,1,1,4294967295
tileMaster,0,2080,32,448,32,32,0,1,1,4294967295
tileMaster,0,2048,32,448,32,32,0,1,1,4294967295
tileMaster,0,2016,32,448,32,32,0,1,1,4294967295
tileMaster,0,1984,32,448,32,32,0,1,1,4294967295
tileMaster,0,1952,32,448,32,32,0,1,1,4294967295
tileMaster,0,1920,32,448,32,32,0,1,1,4294967295
tileMaster,0,1888,32,448,32,32,0,1,1,4294967295
tileMaster,0,1856,32,448,32,32,0,1,1,4294967295
tileMaster,0,1824,32,448,32,32,0,1,1,4294967295
tileMaster,0,1792,32,448,32,32,0,1,1,4294967295
tileMaster,0,1760,32,448,32,32,0,1,1,4294967295
tileMaster,0,1728,32,448,32,32,0,1,1,4294967295
tileMaster,0,1696,32,448,32,32,0,1,1,4294967295
tileMaster,0,1664,32,448,32,32,0,1,1,4294967295
tileMaster,0,1632,32,448,32,32,0,1,1,4294967295
tileMaster,0,1600,32,448,32,32,0,1,1,4294967295
tileMaster,0,1568,32,448,32,32,0,1,1,4294967295
tileMaster,0,1536,32,448,32,32,0,1,1,4294967295
tileMaster,0,1504,32,448,32,32,0,1,1,4294967295
tileMaster,0,1472,32,448,32,32,0,1,1,4294967295
tileMaster,128,1824,32,448,32,32,0,1,1,4294967295
tileMaster,96,1824,32,448,32,32,0,1,1,4294967295
tileMaster,192,1952,32,448,32,32,0,1,1,4294967295
tileMaster,160,1952,32,448,32,32,0,1,1,4294967295
tileMaster,256,1760,32,448,32,32,0,1,1,4294967295
tileMaster,256,1728,32,448,32,32,0,1,1,4294967295
tileMaster,256,1696,32,448,32,32,0,1,1,4294967295
tileMaster,192,1696,32,448,32,32,0,1,1,4294967295
tileMaster,160,1696,32,448,32,32,0,1,1,4294967295
tileMaster,288,1760,32,448,32,32,0,1,1,4294967295
tileMaster,288,1728,32,448,32,32,0,1,1,4294967295
tileMaster,288,1696,32,448,32,32,0,1,1,4294967295
tileMaster,288,1664,32,448,32,32,0,1,1,4294967295
tileMaster,288,1632,32,448,32,32,0,1,1,4294967295
tileMaster,288,1600,32,448,32,32,0,1,1,4294967295
tileMaster,288,1568,32,448,32,32,0,1,1,4294967295
tileMaster,288,1536,32,448,32,32,0,1,1,4294967295
tileMaster,288,1504,32,448,32,32,0,1,1,4294967295
tileMaster,288,1472,32,448,32,32,0,1,1,4294967295
tileMaster,288,1440,32,448,32,32,0,1,1,4294967295
tileMaster,640,1792,32,448,32,32,0,1,1,4294967295
tileMaster,672,1792,32,448,32,32,0,1,1,4294967295
tileMaster,704,1792,32,448,32,32,0,1,1,4294967295
tileMaster,736,1792,32,448,32,32,0,1,1,4294967295
tileMaster,768,1792,32,448,32,32,0,1,1,4294967295
tileMaster,768,1760,32,448,32,32,0,1,1,4294967295
tileMaster,736,1760,32,448,32,32,0,1,1,4294967295
tileMaster,704,1760,32,448,32,32,0,1,1,4294967295
tileMaster,672,1760,32,448,32,32,0,1,1,4294967295
tileMaster,640,1760,32,448,32,32,0,1,1,4294967295
tileMaster,608,1760,32,448,32,32,0,1,1,4294967295
tileMaster,576,1760,32,448,32,32,0,1,1,4294967295
tileMaster,544,1760,32,448,32,32,0,1,1,4294967295
tileMaster,512,1760,32,448,32,32,0,1,1,4294967295
tileMaster,480,1760,32,448,32,32,0,1,1,4294967295
tileMaster,448,1760,32,448,32,32,0,1,1,4294967295
tileMaster,416,1760,32,448,32,32,0,1,1,4294967295
tileMaster,384,1760,32,448,32,32,0,1,1,4294967295
tileMaster,352,1760,32,448,32,32,0,1,1,4294967295
tileMaster,320,1760,32,448,32,32,0,1,1,4294967295
tileMaster,320,1728,32,448,32,32,0,1,1,4294967295
tileMaster,352,1728,32,448,32,32,0,1,1,4294967295
tileMaster,384,1728,32,448,32,32,0,1,1,4294967295
tileMaster,416,1728,32,448,32,32,0,1,1,4294967295
tileMaster,448,1728,32,448,32,32,0,1,1,4294967295
tileMaster,480,1728,32,448,32,32,0,1,1,4294967295
tileMaster,512,1728,32,448,32,32,0,1,1,4294967295
tileMaster,544,1728,32,448,32,32,0,1,1,4294967295
tileMaster,576,1728,32,448,32,32,0,1,1,4294967295
tileMaster,608,1728,32,448,32,32,0,1,1,4294967295
tileMaster,640,1728,32,448,32,32,0,1,1,4294967295
tileMaster,672,1728,32,448,32,32,0,1,1,4294967295
tileMaster,704,1728,32,448,32,32,0,1,1,4294967295
tileMaster,736,1728,32,448,32,32,0,1,1,4294967295
tileMaster,768,1728,32,448,32,32,0,1,1,4294967295
tileMaster,768,1696,32,448,32,32,0,1,1,4294967295
tileMaster,736,1696,32,448,32,32,0,1,1,4294967295
tileMaster,704,1696,32,448,32,32,0,1,1,4294967295
tileMaster,672,1696,32,448,32,32,0,1,1,4294967295
tileMaster,640,1696,32,448,32,32,0,1,1,4294967295
tileMaster,608,1696,32,448,32,32,0,1,1,4294967295
tileMaster,576,1696,32,448,32,32,0,1,1,4294967295
tileMaster,544,1696,32,448,32,32,0,1,1,4294967295
tileMaster,512,1696,32,448,32,32,0,1,1,4294967295
tileMaster,480,1696,32,448,32,32,0,1,1,4294967295
tileMaster,448,1696,32,448,32,32,0,1,1,4294967295
tileMaster,416,1696,32,448,32,32,0,1,1,4294967295
tileMaster,384,1696,32,448,32,32,0,1,1,4294967295
tileMaster,352,1696,32,448,32,32,0,1,1,4294967295
tileMaster,320,1696,32,448,32,32,0,1,1,4294967295
tileMaster,320,1664,32,448,32,32,0,1,1,4294967295
tileMaster,352,1664,32,448,32,32,0,1,1,4294967295
tileMaster,384,1664,32,448,32,32,0,1,1,4294967295
tileMaster,416,1664,32,448,32,32,0,1,1,4294967295
tileMaster,448,1664,32,448,32,32,0,1,1,4294967295
tileMaster,480,1664,32,448,32,32,0,1,1,4294967295
tileMaster,512,1664,32,448,32,32,0,1,1,4294967295
tileMaster,544,1664,32,448,32,32,0,1,1,4294967295
tileMaster,576,1664,32,448,32,32,0,1,1,4294967295
tileMaster,608,1664,32,448,32,32,0,1,1,4294967295
tileMaster,640,1664,32,448,32,32,0,1,1,4294967295
tileMaster,672,1664,32,448,32,32,0,1,1,4294967295
tileMaster,704,1664,32,448,32,32,0,1,1,4294967295
tileMaster,736,1664,32,448,32,32,0,1,1,4294967295
tileMaster,768,1664,32,448,32,32,0,1,1,4294967295
tileMaster,768,1632,32,448,32,32,0,1,1,4294967295
tileMaster,736,1632,32,448,32,32,0,1,1,4294967295
tileMaster,704,1632,32,448,32,32,0,1,1,4294967295
tileMaster,672,1632,32,448,32,32,0,1,1,4294967295
tileMaster,640,1632,32,448,32,32,0,1,1,4294967295
tileMaster,608,1632,32,448,32,32,0,1,1,4294967295
tileMaster,576,1632,32,448,32,32,0,1,1,4294967295
tileMaster,544,1632,32,448,32,32,0,1,1,4294967295
tileMaster,512,1632,32,448,32,32,0,1,1,4294967295
tileMaster,480,1632,32,448,32,32,0,1,1,4294967295
tileMaster,448,1632,32,448,32,32,0,1,1,4294967295
tileMaster,416,1632,32,448,32,32,0,1,1,4294967295
tileMaster,384,1632,32,448,32,32,0,1,1,4294967295
tileMaster,352,1632,32,448,32,32,0,1,1,4294967295
tileMaster,320,1632,32,448,32,32,0,1,1,4294967295
tileMaster,320,1600,32,448,32,32,0,1,1,4294967295
tileMaster,352,1600,32,448,32,32,0,1,1,4294967295
tileMaster,384,1600,32,448,32,32,0,1,1,4294967295
tileMaster,416,1600,32,448,32,32,0,1,1,4294967295
tileMaster,448,1600,32,448,32,32,0,1,1,4294967295
tileMaster,480,1600,32,448,32,32,0,1,1,4294967295
tileMaster,512,1600,32,448,32,32,0,1,1,4294967295
tileMaster,544,1600,32,448,32,32,0,1,1,4294967295
tileMaster,576,1600,32,448,32,32,0,1,1,4294967295
tileMaster,576,1568,32,448,32,32,0,1,1,4294967295
tileMaster,608,1568,32,448,32,32,0,1,1,4294967295
tileMaster,640,1568,32,448,32,32,0,1,1,4294967295
tileMaster,672,1568,32,448,32,32,0,1,1,4294967295
tileMaster,672,1600,32,448,32,32,0,1,1,4294967295
tileMaster,704,1600,32,448,32,32,0,1,1,4294967295
tileMaster,736,1600,32,448,32,32,0,1,1,4294967295
tileMaster,768,1600,32,448,32,32,0,1,1,4294967295
tileMaster,768,1568,32,448,32,32,0,1,1,4294967295
tileMaster,736,1568,32,448,32,32,0,1,1,4294967295
tileMaster,704,1568,32,448,32,32,0,1,1,4294967295
tileMaster,640,1600,32,448,32,32,0,1,1,4294967295
tileMaster,608,1600,32,448,32,32,0,1,1,4294967295
tileMaster,544,1568,32,448,32,32,0,1,1,4294967295
tileMaster,512,1568,32,448,32,32,0,1,1,4294967295
tileMaster,480,1568,32,448,32,32,0,1,1,4294967295
tileMaster,448,1568,32,448,32,32,0,1,1,4294967295
tileMaster,416,1568,32,448,32,32,0,1,1,4294967295
tileMaster,384,1568,32,448,32,32,0,1,1,4294967295
tileMaster,352,1568,32,448,32,32,0,1,1,4294967295
tileMaster,320,1568,32,448,32,32,0,1,1,4294967295
tileMaster,320,1536,32,448,32,32,0,1,1,4294967295
tileMaster,352,1536,32,448,32,32,0,1,1,4294967295
tileMaster,384,1536,32,448,32,32,0,1,1,4294967295
tileMaster,416,1536,32,448,32,32,0,1,1,4294967295
tileMaster,448,1536,32,448,32,32,0,1,1,4294967295
tileMaster,480,1536,32,448,32,32,0,1,1,4294967295
tileMaster,512,1536,32,448,32,32,0,1,1,4294967295
tileMaster,544,1536,32,448,32,32,0,1,1,4294967295
tileMaster,576,1536,32,448,32,32,0,1,1,4294967295
tileMaster,608,1536,32,448,32,32,0,1,1,4294967295
tileMaster,640,1536,32,448,32,32,0,1,1,4294967295
tileMaster,672,1536,32,448,32,32,0,1,1,4294967295
tileMaster,704,1536,32,448,32,32,0,1,1,4294967295
tileMaster,736,1536,32,448,32,32,0,1,1,4294967295
tileMaster,768,1536,32,448,32,32,0,1,1,4294967295
tileMaster,768,1504,32,448,32,32,0,1,1,4294967295
tileMaster,736,1504,32,448,32,32,0,1,1,4294967295
tileMaster,704,1504,32,448,32,32,0,1,1,4294967295
tileMaster,672,1504,32,448,32,32,0,1,1,4294967295
tileMaster,640,1504,32,448,32,32,0,1,1,4294967295
tileMaster,608,1504,32,448,32,32,0,1,1,4294967295
tileMaster,576,1504,32,448,32,32,0,1,1,4294967295
tileMaster,544,1504,32,448,32,32,0,1,1,4294967295
tileMaster,512,1504,32,448,32,32,0,1,1,4294967295
tileMaster,480,1504,32,448,32,32,0,1,1,4294967295
tileMaster,448,1504,32,448,32,32,0,1,1,4294967295
tileMaster,416,1504,32,448,32,32,0,1,1,4294967295
tileMaster,384,1504,32,448,32,32,0,1,1,4294967295
tileMaster,352,1504,32,448,32,32,0,1,1,4294967295
tileMaster,320,1504,32,448,32,32,0,1,1,4294967295
tileMaster,320,1472,32,448,32,32,0,1,1,4294967295
tileMaster,352,1472,32,448,32,32,0,1,1,4294967295
tileMaster,384,1472,32,448,32,32,0,1,1,4294967295
tileMaster,448,1472,32,448,32,32,0,1,1,4294967295
tileMaster,480,1472,32,448,32,32,0,1,1,4294967295
tileMaster,512,1472,32,448,32,32,0,1,1,4294967295
tileMaster,544,1472,32,448,32,32,0,1,1,4294967295
tileMaster,576,1472,32,448,32,32,0,1,1,4294967295
tileMaster,608,1472,32,448,32,32,0,1,1,4294967295
tileMaster,640,1472,32,448,32,32,0,1,1,4294967295
tileMaster,672,1472,32,448,32,32,0,1,1,4294967295
tileMaster,704,1472,32,448,32,32,0,1,1,4294967295
tileMaster,736,1472,32,448,32,32,0,1,1,4294967295
tileMaster,768,1472,32,448,32,32,0,1,1,4294967295
tileMaster,768,1440,32,448,32,32,0,1,1,4294967295
tileMaster,736,1440,32,448,32,32,0,1,1,4294967295
tileMaster,704,1440,32,448,32,32,0,1,1,4294967295
tileMaster,672,1440,32,448,32,32,0,1,1,4294967295
tileMaster,640,1440,32,448,32,32,0,1,1,4294967295
tileMaster,608,1440,32,448,32,32,0,1,1,4294967295
tileMaster,576,1440,32,448,32,32,0,1,1,4294967295
tileMaster,544,1440,32,448,32,32,0,1,1,4294967295
tileMaster,512,1440,32,448,32,32,0,1,1,4294967295
tileMaster,480,1440,32,448,32,32,0,1,1,4294967295
tileMaster,448,1440,32,448,32,32,0,1,1,4294967295
tileMaster,416,1440,32,448,32,32,0,1,1,4294967295
tileMaster,384,1440,32,448,32,32,0,1,1,4294967295
tileMaster,352,1440,32,448,32,32,0,1,1,4294967295
tileMaster,320,1440,32,448,32,32,0,1,1,4294967295
tileMaster,416,1472,32,448,32,32,0,1,1,4294967295
tileMaster,0,1440,32,448,32,32,0,1,1,4294967295
tileMaster,192,1440,0,448,32,32,0,1,1,4294967295
tileMaster,256,1440,0,448,32,32,0,1,1,4294967295
tileMaster,160,1376,0,448,32,32,0,1,1,4294967295
tileMaster,128,1344,0,448,32,32,0,1,1,4294967295
tileMaster,64,1376,0,448,32,32,0,1,1,4294967295
tileMaster,224,1344,0,448,32,32,0,1,1,4294967295
tileMaster,256,1344,0,448,32,32,0,1,1,4294967295
tileMaster,288,1344,0,448,32,32,0,1,1,4294967295
tileMaster,320,1344,0,448,32,32,0,1,1,4294967295
tileMaster,352,1344,0,448,32,32,0,1,1,4294967295
tileMaster,384,1344,0,448,32,32,0,1,1,4294967295
tileMaster,416,1344,0,448,32,32,0,1,1,4294967295
tileMaster,448,1344,0,448,32,32,0,1,1,4294967295
tileMaster,480,1344,0,448,32,32,0,1,1,4294967295
tileMaster,512,1344,0,448,32,32,0,1,1,4294967295
tileMaster,384,1152,0,448,32,32,0,1,1,4294967295
tileMaster,352,1152,0,448,32,32,0,1,1,4294967295
tileMaster,320,1152,0,448,32,32,0,1,1,4294967295
tileMaster,288,1152,0,448,32,32,0,1,1,4294967295
tileMaster,256,1152,0,448,32,32,0,1,1,4294967295
tileMaster,224,1152,0,448,32,32,0,1,1,4294967295
tileMaster,192,1152,0,448,32,32,0,1,1,4294967295
tileMaster,160,1152,0,448,32,32,0,1,1,4294967295
tileMaster,128,1152,0,448,32,32,0,1,1,4294967295
tileMaster,96,1152,0,448,32,32,0,1,1,4294967295
tileMaster,64,1152,0,448,32,32,0,1,1,4294967295
tileMaster,32,1152,0,448,32,32,0,1,1,4294967295
tileMaster,0,1408,32,448,32,32,0,1,1,4294967295
tileMaster,0,1376,32,448,32,32,0,1,1,4294967295
tileMaster,0,1344,32,448,32,32,0,1,1,4294967295
tileMaster,0,1312,32,448,32,32,0,1,1,4294967295
tileMaster,0,1280,32,448,32,32,0,1,1,4294967295
tileMaster,0,1248,32,448,32,32,0,1,1,4294967295
tileMaster,0,1216,32,448,32,32,0,1,1,4294967295
tileMaster,0,1184,32,448,32,32,0,1,1,4294967295
tileMaster,0,1152,32,448,32,32,0,1,1,4294967295
tileMaster,32,1184,32,448,32,32,0,1,1,4294967295
tileMaster,64,1184,32,448,32,32,0,1,1,4294967295
tileMaster,96,1184,32,448,32,32,0,1,1,4294967295
tileMaster,128,1184,32,448,32,32,0,1,1,4294967295
tileMaster,160,1184,32,448,32,32,0,1,1,4294967295
tileMaster,192,1184,32,448,32,32,0,1,1,4294967295
tileMaster,224,1184,32,448,32,32,0,1,1,4294967295
tileMaster,256,1184,32,448,32,32,0,1,1,4294967295
tileMaster,288,1184,32,448,32,32,0,1,1,4294967295
tileMaster,320,1184,32,448,32,32,0,1,1,4294967295
tileMaster,352,1184,32,448,32,32,0,1,1,4294967295
tileMaster,384,1184,32,448,32,32,0,1,1,4294967295
tileMaster,288,1216,32,448,32,32,0,1,1,4294967295
tileMaster,256,1216,32,448,32,32,0,1,1,4294967295
tileMaster,224,1216,32,448,32,32,0,1,1,4294967295
tileMaster,192,1216,32,448,32,32,0,1,1,4294967295
tileMaster,160,1216,32,448,32,32,0,1,1,4294967295
tileMaster,128,1216,32,448,32,32,0,1,1,4294967295
tileMaster,96,1216,32,448,32,32,0,1,1,4294967295
tileMaster,64,1216,32,448,32,32,0,1,1,4294967295
tileMaster,32,1216,32,448,32,32,0,1,1,4294967295
tileMaster,192,1248,32,448,32,32,0,1,1,4294967295
tileMaster,160,1248,32,448,32,32,0,1,1,4294967295
tileMaster,128,1248,32,448,32,32,0,1,1,4294967295
tileMaster,96,1248,32,448,32,32,0,1,1,4294967295
tileMaster,64,1248,32,448,32,32,0,1,1,4294967295
tileMaster,32,1248,32,448,32,32,0,1,1,4294967295
tileMaster,0,1120,32,448,32,32,0,1,1,4294967295
tileMaster,0,1088,32,448,32,32,0,1,1,4294967295
tileMaster,0,1056,32,448,32,32,0,1,1,4294967295
tileMaster,0,1024,32,448,32,32,0,1,1,4294967295
tileMaster,0,992,32,448,32,32,0,1,1,4294967295
tileMaster,0,960,32,448,32,32,0,1,1,4294967295
tileMaster,0,928,32,448,32,32,0,1,1,4294967295
tileMaster,0,896,32,448,32,32,0,1,1,4294967295
tileMaster,0,864,32,448,32,32,0,1,1,4294967295
tileMaster,0,832,32,448,32,32,0,1,1,4294967295
tileMaster,0,800,32,448,32,32,0,1,1,4294967295
tileMaster,0,768,32,448,32,32,0,1,1,4294967295
tileMaster,0,736,32,448,32,32,0,1,1,4294967295
tileMaster,0,704,32,448,32,32,0,1,1,4294967295
tileMaster,0,672,32,448,32,32,0,1,1,4294967295
tileMaster,32,704,32,448,32,32,0,1,1,4294967295
tileMaster,64,704,32,448,32,32,0,1,1,4294967295
tileMaster,192,704,32,448,32,32,0,1,1,4294967295
tileMaster,224,704,32,448,32,32,0,1,1,4294967295
tileMaster,256,704,32,448,32,32,0,1,1,4294967295
tileMaster,288,704,32,448,32,32,0,1,1,4294967295
tileMaster,320,704,32,448,32,32,0,1,1,4294967295
tileMaster,384,704,32,448,32,32,0,1,1,4294967295
tileMaster,416,704,32,448,32,32,0,1,1,4294967295
tileMaster,352,704,32,448,32,32,0,1,1,4294967295
tileMaster,448,704,32,448,32,32,0,1,1,4294967295
tileMaster,480,704,32,448,32,32,0,1,1,4294967295
tileMaster,512,704,32,448,32,32,0,1,1,4294967295
tileMaster,512,736,32,448,32,32,0,1,1,4294967295
tileMaster,512,768,32,448,32,32,0,1,1,4294967295
tileMaster,512,800,32,448,32,32,0,1,1,4294967295
tileMaster,512,832,32,448,32,32,0,1,1,4294967295
tileMaster,512,896,32,448,32,32,0,1,1,4294967295
tileMaster,480,896,32,448,32,32,0,1,1,4294967295
tileMaster,448,896,32,448,32,32,0,1,1,4294967295
tileMaster,416,896,32,448,32,32,0,1,1,4294967295
tileMaster,384,896,32,448,32,32,0,1,1,4294967295
tileMaster,352,896,32,448,32,32,0,1,1,4294967295
tileMaster,320,896,32,448,32,32,0,1,1,4294967295
tileMaster,288,896,32,448,32,32,0,1,1,4294967295
tileMaster,256,896,32,448,32,32,0,1,1,4294967295
tileMaster,224,896,32,448,32,32,0,1,1,4294967295
tileMaster,192,896,32,448,32,32,0,1,1,4294967295
tileMaster,160,896,32,448,32,32,0,1,1,4294967295
tileMaster,128,896,32,448,32,32,0,1,1,4294967295
tileMaster,96,896,32,448,32,32,0,1,1,4294967295
tileMaster,128,928,32,448,32,32,0,1,1,4294967295
tileMaster,160,928,32,448,32,32,0,1,1,4294967295
tileMaster,192,928,32,448,32,32,0,1,1,4294967295
tileMaster,192,960,32,448,32,32,0,1,1,4294967295
tileMaster,224,960,32,448,32,32,0,1,1,4294967295
tileMaster,256,960,32,448,32,32,0,1,1,4294967295
tileMaster,288,960,32,448,32,32,0,1,1,4294967295
tileMaster,288,992,32,448,32,32,0,1,1,4294967295
tileMaster,320,992,32,448,32,32,0,1,1,4294967295
tileMaster,352,992,32,448,32,32,0,1,1,4294967295
tileMaster,384,992,32,448,32,32,0,1,1,4294967295
tileMaster,416,992,32,448,32,32,0,1,1,4294967295
tileMaster,448,992,32,448,32,32,0,1,1,4294967295
tileMaster,480,992,32,448,32,32,0,1,1,4294967295
tileMaster,512,992,32,448,32,32,0,1,1,4294967295
tileMaster,544,992,32,448,32,32,0,1,1,4294967295
tileMaster,448,960,32,448,32,32,0,1,1,4294967295
tileMaster,416,960,32,448,32,32,0,1,1,4294967295
tileMaster,384,960,32,448,32,32,0,1,1,4294967295
tileMaster,352,960,32,448,32,32,0,1,1,4294967295
tileMaster,320,960,32,448,32,32,0,1,1,4294967295
tileMaster,224,928,32,448,32,32,0,1,1,4294967295
tileMaster,256,928,32,448,32,32,0,1,1,4294967295
tileMaster,288,928,32,448,32,32,0,1,1,4294967295
tileMaster,320,928,32,448,32,32,0,1,1,4294967295
tileMaster,352,928,32,448,32,32,0,1,1,4294967295
tileMaster,384,928,32,448,32,32,0,1,1,4294967295
tileMaster,416,928,32,448,32,32,0,1,1,4294967295
tileMaster,448,928,32,448,32,32,0,1,1,4294967295
tileMaster,480,928,32,448,32,32,0,1,1,4294967295
tileMaster,480,960,32,448,32,32,0,1,1,4294967295
tileMaster,512,960,32,448,32,32,0,1,1,4294967295
tileMaster,544,960,32,448,32,32,0,1,1,4294967295
tileMaster,512,928,32,448,32,32,0,1,1,4294967295
tileMaster,544,928,32,448,32,32,0,1,1,4294967295
tileMaster,544,1024,32,448,32,32,0,1,1,4294967295
tileMaster,544,1056,32,448,32,32,0,1,1,4294967295
tileMaster,544,1088,32,448,32,32,0,1,1,4294967295
tileMaster,544,1120,32,448,32,32,0,1,1,4294967295
tileMaster,544,1152,32,448,32,32,0,1,1,4294967295
tileMaster,544,1184,32,448,32,32,0,1,1,4294967295
tileMaster,544,1216,32,448,32,32,0,1,1,4294967295
tileMaster,544,1248,32,448,32,32,0,1,1,4294967295
tileMaster,544,1280,32,448,32,32,0,1,1,4294967295
tileMaster,544,1312,32,448,32,32,0,1,1,4294967295
tileMaster,544,1344,32,448,32,32,0,1,1,4294967295
tileMaster,288,1376,32,448,32,32,0,1,1,4294967295
tileMaster,288,1408,32,448,32,32,0,1,1,4294967295
tileMaster,384,1408,32,448,32,32,0,1,1,4294967295
tileMaster,352,1408,32,448,32,32,0,1,1,4294967295
tileMaster,320,1408,32,448,32,32,0,1,1,4294967295
tileMaster,320,1376,32,448,32,32,0,1,1,4294967295
tileMaster,352,1376,32,448,32,32,0,1,1,4294967295
tileMaster,384,1376,32,448,32,32,0,1,1,4294967295
tileMaster,416,1376,32,448,32,32,0,1,1,4294967295
tileMaster,448,1376,32,448,32,32,0,1,1,4294967295
tileMaster,480,1376,32,448,32,32,0,1,1,4294967295
tileMaster,512,1376,32,448,32,32,0,1,1,4294967295
tileMaster,544,1376,32,448,32,32,0,1,1,4294967295
tileMaster,576,1376,32,448,32,32,0,1,1,4294967295
tileMaster,608,1376,32,448,32,32,0,1,1,4294967295
tileMaster,640,1376,32,448,32,32,0,1,1,4294967295
tileMaster,672,1376,32,448,32,32,0,1,1,4294967295
tileMaster,704,1376,32,448,32,32,0,1,1,4294967295
tileMaster,736,1376,32,448,32,32,0,1,1,4294967295
tileMaster,768,1376,32,448,32,32,0,1,1,4294967295
tileMaster,768,1408,32,448,32,32,0,1,1,4294967295
tileMaster,736,1408,32,448,32,32,0,1,1,4294967295
tileMaster,704,1408,32,448,32,32,0,1,1,4294967295
tileMaster,672,1408,32,448,32,32,0,1,1,4294967295
tileMaster,640,1408,32,448,32,32,0,1,1,4294967295
tileMaster,608,1408,32,448,32,32,0,1,1,4294967295
tileMaster,576,1408,32,448,32,32,0,1,1,4294967295
tileMaster,544,1408,32,448,32,32,0,1,1,4294967295
tileMaster,512,1408,32,448,32,32,0,1,1,4294967295
tileMaster,480,1408,32,448,32,32,0,1,1,4294967295
tileMaster,448,1408,32,448,32,32,0,1,1,4294967295
tileMaster,416,1408,32,448,32,32,0,1,1,4294967295
tileMaster,576,1344,32,448,32,32,0,1,1,4294967295
tileMaster,608,1344,32,448,32,32,0,1,1,4294967295
tileMaster,640,1344,32,448,32,32,0,1,1,4294967295
tileMaster,672,1344,32,448,32,32,0,1,1,4294967295
tileMaster,704,1344,32,448,32,32,0,1,1,4294967295
tileMaster,736,1344,32,448,32,32,0,1,1,4294967295
tileMaster,768,1344,32,448,32,32,0,1,1,4294967295
tileMaster,768,1312,32,448,32,32,0,1,1,4294967295
tileMaster,736,1312,32,448,32,32,0,1,1,4294967295
tileMaster,704,1312,32,448,32,32,0,1,1,4294967295
tileMaster,672,1312,32,448,32,32,0,1,1,4294967295
tileMaster,640,1312,32,448,32,32,0,1,1,4294967295
tileMaster,608,1312,32,448,32,32,0,1,1,4294967295
tileMaster,576,1312,32,448,32,32,0,1,1,4294967295
tileMaster,576,1280,32,448,32,32,0,1,1,4294967295
tileMaster,608,1280,32,448,32,32,0,1,1,4294967295
tileMaster,640,1280,32,448,32,32,0,1,1,4294967295
tileMaster,672,1280,32,448,32,32,0,1,1,4294967295
tileMaster,704,1280,32,448,32,32,0,1,1,4294967295
tileMaster,736,1280,32,448,32,32,0,1,1,4294967295
tileMaster,768,1280,32,448,32,32,0,1,1,4294967295
tileMaster,768,1248,32,448,32,32,0,1,1,4294967295
tileMaster,736,1248,32,448,32,32,0,1,1,4294967295
tileMaster,704,1248,32,448,32,32,0,1,1,4294967295
tileMaster,672,1248,32,448,32,32,0,1,1,4294967295
tileMaster,640,1248,32,448,32,32,0,1,1,4294967295
tileMaster,576,1216,32,448,32,32,0,1,1,4294967295
tileMaster,576,1248,32,448,32,32,0,1,1,4294967295
tileMaster,608,1248,32,448,32,32,0,1,1,4294967295
tileMaster,608,1216,32,448,32,32,0,1,1,4294967295
tileMaster,640,1216,32,448,32,32,0,1,1,4294967295
tileMaster,672,1216,32,448,32,32,0,1,1,4294967295
tileMaster,704,1216,32,448,32,32,0,1,1,4294967295
tileMaster,736,1216,32,448,32,32,0,1,1,4294967295
tileMaster,768,1216,32,448,32,32,0,1,1,4294967295
tileMaster,736,1152,32,448,32,32,0,1,1,4294967295
tileMaster,736,1120,32,448,32,32,0,1,1,4294967295
tileMaster,736,1088,32,448,32,32,0,1,1,4294967295
tileMaster,736,1056,32,448,32,32,0,1,1,4294967295
tileMaster,736,1024,32,448,32,32,0,1,1,4294967295
tileMaster,736,992,32,448,32,32,0,1,1,4294967295
tileMaster,736,960,32,448,32,32,0,1,1,4294967295
tileMaster,736,928,32,448,32,32,0,1,1,4294967295
tileMaster,736,800,32,448,32,32,0,1,1,4294967295
tileMaster,768,736,32,448,32,32,0,1,1,4294967295
tileMaster,768,704,32,448,32,32,0,1,1,4294967295
tileMaster,736,704,32,448,32,32,0,1,1,4294967295
tileMaster,704,704,32,448,32,32,0,1,1,4294967295
tileMaster,672,704,32,448,32,32,0,1,1,4294967295
tileMaster,640,704,32,448,32,32,0,1,1,4294967295
tileMaster,608,704,32,448,32,32,0,1,1,4294967295
tileMaster,576,704,32,448,32,32,0,1,1,4294967295
tileMaster,544,704,32,448,32,32,0,1,1,4294967295
tileMaster,544,736,32,448,32,32,0,1,1,4294967295
tileMaster,576,736,32,448,32,32,0,1,1,4294967295
tileMaster,608,736,32,448,32,32,0,1,1,4294967295
tileMaster,640,736,32,448,32,32,0,1,1,4294967295
tileMaster,672,736,32,448,32,32,0,1,1,4294967295
tileMaster,704,736,32,448,32,32,0,1,1,4294967295
tileMaster,736,736,32,448,32,32,0,1,1,4294967295
tileMaster,768,768,32,448,32,32,0,1,1,4294967295
tileMaster,736,768,32,448,32,32,0,1,1,4294967295
tileMaster,704,768,32,448,32,32,0,1,1,4294967295
tileMaster,672,768,32,448,32,32,0,1,1,4294967295
tileMaster,640,768,32,448,32,32,0,1,1,4294967295
tileMaster,608,768,32,448,32,32,0,1,1,4294967295
tileMaster,576,768,32,448,32,32,0,1,1,4294967295
tileMaster,544,768,32,448,32,32,0,1,1,4294967295
tileMaster,544,800,32,448,32,32,0,1,1,4294967295
tileMaster,576,800,32,448,32,32,0,1,1,4294967295
tileMaster,608,800,32,448,32,32,0,1,1,4294967295
tileMaster,640,800,32,448,32,32,0,1,1,4294967295
tileMaster,672,800,32,448,32,32,0,1,1,4294967295
tileMaster,704,800,32,448,32,32,0,1,1,4294967295
tileMaster,704,832,32,448,32,32,0,1,1,4294967295
tileMaster,736,832,32,448,32,32,0,1,1,4294967295
tileMaster,768,800,32,448,32,32,0,1,1,4294967295
tileMaster,768,832,32,448,32,32,0,1,1,4294967295
tileMaster,768,864,32,448,32,32,0,1,1,4294967295
tileMaster,736,864,32,448,32,32,0,1,1,4294967295
tileMaster,704,864,32,448,32,32,0,1,1,4294967295
tileMaster,640,864,32,448,32,32,0,1,1,4294967295
tileMaster,608,864,32,448,32,32,0,1,1,4294967295
tileMaster,576,864,32,448,32,32,0,1,1,4294967295
tileMaster,512,864,32,448,32,32,0,1,1,4294967295
tileMaster,544,864,32,448,32,32,0,1,1,4294967295
tileMaster,544,832,32,448,32,32,0,1,1,4294967295
tileMaster,576,832,32,448,32,32,0,1,1,4294967295
tileMaster,608,832,32,448,32,32,0,1,1,4294967295
tileMaster,640,832,32,448,32,32,0,1,1,4294967295
tileMaster,672,832,32,448,32,32,0,1,1,4294967295
tileMaster,672,864,32,448,32,32,0,1,1,4294967295
tileMaster,672,896,32,448,32,32,0,1,1,4294967295
tileMaster,704,896,32,448,32,32,0,1,1,4294967295
tileMaster,736,896,32,448,32,32,0,1,1,4294967295
tileMaster,768,896,32,448,32,32,0,1,1,4294967295
tileMaster,768,928,32,448,32,32,0,1,1,4294967295
tileMaster,768,960,32,448,32,32,0,1,1,4294967295
tileMaster,768,992,32,448,32,32,0,1,1,4294967295
tileMaster,768,1024,32,448,32,32,0,1,1,4294967295
tileMaster,768,1056,32,448,32,32,0,1,1,4294967295
tileMaster,768,1088,32,448,32,32,0,1,1,4294967295
tileMaster,768,1120,32,448,32,32,0,1,1,4294967295
tileMaster,768,1152,32,448,32,32,0,1,1,4294967295
tileMaster,768,1184,32,448,32,32,0,1,1,4294967295
tileMaster,736,1184,32,448,32,32,0,1,1,4294967295
tileMaster,704,1184,32,448,32,32,0,1,1,4294967295
tileMaster,672,1184,32,448,32,32,0,1,1,4294967295
tileMaster,640,1184,32,448,32,32,0,1,1,4294967295
tileMaster,608,1184,32,448,32,32,0,1,1,4294967295
tileMaster,576,1184,32,448,32,32,0,1,1,4294967295
tileMaster,576,1152,32,448,32,32,0,1,1,4294967295
tileMaster,608,1152,32,448,32,32,0,1,1,4294967295
tileMaster,640,1152,32,448,32,32,0,1,1,4294967295
tileMaster,672,1152,32,448,32,32,0,1,1,4294967295
tileMaster,704,1152,32,448,32,32,0,1,1,4294967295
tileMaster,704,1120,32,448,32,32,0,1,1,4294967295
tileMaster,672,1120,32,448,32,32,0,1,1,4294967295
tileMaster,640,1120,32,448,32,32,0,1,1,4294967295
tileMaster,608,1120,32,448,32,32,0,1,1,4294967295
tileMaster,576,1120,32,448,32,32,0,1,1,4294967295
tileMaster,576,1088,32,448,32,32,0,1,1,4294967295
tileMaster,576,1056,32,448,32,32,0,1,1,4294967295
tileMaster,608,1056,32,448,32,32,0,1,1,4294967295
tileMaster,608,1088,32,448,32,32,0,1,1,4294967295
tileMaster,640,1088,32,448,32,32,0,1,1,4294967295
tileMaster,672,1088,32,448,32,32,0,1,1,4294967295
tileMaster,704,1088,32,448,32,32,0,1,1,4294967295
tileMaster,704,1056,32,448,32,32,0,1,1,4294967295
tileMaster,704,1024,32,448,32,32,0,1,1,4294967295
tileMaster,704,928,32,448,32,32,0,1,1,4294967295
tileMaster,672,928,32,448,32,32,0,1,1,4294967295
tileMaster,640,928,32,448,32,32,0,1,1,4294967295
tileMaster,640,896,32,448,32,32,0,1,1,4294967295
tileMaster,608,896,32,448,32,32,0,1,1,4294967295
tileMaster,576,896,32,448,32,32,0,1,1,4294967295
tileMaster,544,896,32,448,32,32,0,1,1,4294967295
tileMaster,576,928,32,448,32,32,0,1,1,4294967295
tileMaster,608,928,32,448,32,32,0,1,1,4294967295
tileMaster,608,960,32,448,32,32,0,1,1,4294967295
tileMaster,576,960,32,448,32,32,0,1,1,4294967295
tileMaster,576,992,32,448,32,32,0,1,1,4294967295
tileMaster,608,992,32,448,32,32,0,1,1,4294967295
tileMaster,640,1024,32,448,32,32,0,1,1,4294967295
tileMaster,640,992,32,448,32,32,0,1,1,4294967295
tileMaster,640,960,32,448,32,32,0,1,1,4294967295
tileMaster,672,960,32,448,32,32,0,1,1,4294967295
tileMaster,704,960,32,448,32,32,0,1,1,4294967295
tileMaster,704,992,32,448,32,32,0,1,1,4294967295
tileMaster,672,992,32,448,32,32,0,1,1,4294967295
tileMaster,672,1024,32,448,32,32,0,1,1,4294967295
tileMaster,672,1056,32,448,32,32,0,1,1,4294967295
tileMaster,640,1056,32,448,32,32,0,1,1,4294967295
tileMaster,608,1024,32,448,32,32,0,1,1,4294967295
tileMaster,576,1024,32,448,32,32,0,1,1,4294967295
tileMaster,64,864,0,448,32,32,0,1,1,4294967295
tileMaster,96,864,0,448,32,32,0,1,1,4294967295
tileMaster,128,864,0,448,32,32,0,1,1,4294967295
tileMaster,160,864,0,448,32,32,0,1,1,4294967295
tileMaster,192,864,0,448,32,32,0,1,1,4294967295
tileMaster,224,864,0,448,32,32,0,1,1,4294967295
tileMaster,256,864,0,448,32,32,0,1,1,4294967295
tileMaster,288,864,0,448,32,32,0,1,1,4294967295
tileMaster,320,864,0,448,32,32,0,1,1,4294967295
tileMaster,352,864,0,448,32,32,0,1,1,4294967295
tileMaster,384,864,0,448,32,32,0,1,1,4294967295
tileMaster,416,864,0,448,32,32,0,1,1,4294967295
tileMaster,448,864,0,448,32,32,0,1,1,4294967295
tileMaster,480,864,0,448,32,32,0,1,1,4294967295
tileMaster,64,672,0,448,32,32,0,1,1,4294967295
tileMaster,32,672,0,448,32,32,0,1,1,4294967295
tileMaster,192,672,0,448,32,32,0,1,1,4294967295
tileMaster,224,672,0,448,32,32,0,1,1,4294967295
tileMaster,256,672,0,448,32,32,0,1,1,4294967295
tileMaster,288,672,0,448,32,32,0,1,1,4294967295
tileMaster,320,672,0,448,32,32,0,1,1,4294967295
tileMaster,352,672,0,448,32,32,0,1,1,4294967295
tileMaster,384,672,0,448,32,32,0,1,1,4294967295
tileMaster,416,672,0,448,32,32,0,1,1,4294967295
tileMaster,448,672,0,448,32,32,0,1,1,4294967295
tileMaster,480,672,0,448,32,32,0,1,1,4294967295
tileMaster,512,672,0,448,32,32,0,1,1,4294967295
tileMaster,544,672,0,448,32,32,0,1,1,4294967295
tileMaster,576,672,0,448,32,32,0,1,1,4294967295
tileMaster,608,672,0,448,32,32,0,1,1,4294967295
tileMaster,640,672,0,448,32,32,0,1,1,4294967295
tileMaster,672,672,32,448,32,32,0,1,1,4294967295
tileMaster,704,672,32,448,32,32,0,1,1,4294967295
tileMaster,736,672,32,448,32,32,0,1,1,4294967295
tileMaster,768,672,32,448,32,32,0,1,1,4294967295
tileMaster,768,640,32,448,32,32,0,1,1,4294967295
tileMaster,736,640,32,448,32,32,0,1,1,4294967295
tileMaster,704,640,32,448,32,32,0,1,1,4294967295
tileMaster,672,640,32,448,32,32,0,1,1,4294967295
tileMaster,0,640,32,448,32,32,0,1,1,4294967295
tileMaster,0,608,32,448,32,32,0,1,1,4294967295
tileMaster,103,640,32,448,32,32,0,1,1,4294967295
tileMaster,153,640,32,448,32,32,0,1,1,4294967295
tileMaster,153,608,0,448,32,32,0,1,1,4294967295
tileMaster,103,608,0,448,32,32,0,1,1,4294967295
tileMaster,64,512,0,448,32,32,0,1,1,4294967295
tileMaster,64,416,0,448,32,32,0,1,1,4294967295
tileMaster,96,384,0,448,32,32,0,1,1,4294967295
tileMaster,32,320,0,448,32,32,0,1,1,4294967295
tileMaster,96,224,0,448,32,32,0,1,1,4294967295
tileMaster,128,224,0,448,32,32,0,1,1,4294967295
tileMaster,160,224,0,448,32,32,0,1,1,4294967295
tileMaster,192,224,0,448,32,32,0,1,1,4294967295
tileMaster,224,224,0,448,32,32,0,1,1,4294967295
tileMaster,0,160,0,448,32,32,0,1,1,4294967295
tileMaster,320,224,0,448,32,32,0,1,1,4294967295
tileMaster,448,256,0,448,32,32,0,1,1,4294967295
tileMaster,384,352,0,448,32,32,0,1,1,4294967295
tileMaster,256,352,0,448,32,32,0,1,1,4294967295
tileMaster,448,416,0,448,32,32,0,1,1,4294967295
tileMaster,384,480,0,448,32,32,0,1,1,4294967295
tileMaster,288,512,0,448,32,32,0,1,1,4294967295
tileMaster,448,512,0,448,32,32,0,1,1,4294967295
tileMaster,192,448,0,448,32,32,0,1,1,4294967295
tileMaster,544,448,0,448,32,32,0,1,1,4294967295
tileMaster,576,448,0,448,32,32,0,1,1,4294967295
tileMaster,672,448,0,448,32,32,0,1,1,4294967295
tileMaster,704,448,0,448,32,32,0,1,1,4294967295
tileMaster,736,448,0,448,32,32,0,1,1,4294967295
tileMaster,768,448,0,448,32,32,0,1,1,4294967295
tileMaster,608,544,0,448,32,32,0,1,1,4294967295
tileMaster,128,512,0,448,32,32,0,1,1,4294967295
tileMaster,0,576,32,448,32,32,0,1,1,4294967295
tileMaster,0,544,32,448,32,32,0,1,1,4294967295
tileMaster,0,512,32,448,32,32,0,1,1,4294967295
tileMaster,0,480,32,448,32,32,0,1,1,4294967295
tileMaster,0,448,32,448,32,32,0,1,1,4294967295
tileMaster,0,416,32,448,32,32,0,1,1,4294967295
tileMaster,0,384,32,448,32,32,0,1,1,4294967295
tileMaster,0,352,32,448,32,32,0,1,1,4294967295
tileMaster,0,320,32,448,32,32,0,1,1,4294967295
tileMaster,0,288,32,448,32,32,0,1,1,4294967295
tileMaster,0,256,32,448,32,32,0,1,1,4294967295
tileMaster,0,224,32,448,32,32,0,1,1,4294967295
tileMaster,0,192,32,448,32,32,0,1,1,4294967295
tileMaster,0,0,32,448,32,32,0,1,1,4294967295
tileMaster,32,0,32,448,32,32,0,1,1,4294967295
tileMaster,64,0,32,448,32,32,0,1,1,4294967295
tileMaster,96,0,32,448,32,32,0,1,1,4294967295
tileMaster,96,32,32,448,32,32,0,1,1,4294967295
tileMaster,96,64,32,448,32,32,0,1,1,4294967295
tileMaster,96,96,32,448,32,32,0,1,1,4294967295
tileMaster,96,128,32,448,32,32,0,1,1,4294967295
tileMaster,128,128,32,448,32,32,0,1,1,4294967295
tileMaster,160,128,32,448,32,32,0,1,1,4294967295
tileMaster,192,128,32,448,32,32,0,1,1,4294967295
tileMaster,224,128,32,448,32,32,0,1,1,4294967295
tileMaster,256,128,32,448,32,32,0,1,1,4294967295
tileMaster,288,128,32,448,32,32,0,1,1,4294967295
tileMaster,320,128,32,448,32,32,0,1,1,4294967295
tileMaster,352,128,32,448,32,32,0,1,1,4294967295
tileMaster,384,128,32,448,32,32,0,1,1,4294967295
tileMaster,416,128,32,448,32,32,0,1,1,4294967295
tileMaster,512,160,32,448,32,32,0,1,1,4294967295
tileMaster,512,128,32,448,32,32,0,1,1,4294967295
tileMaster,480,128,32,448,32,32,0,1,1,4294967295
tileMaster,448,128,32,448,32,32,0,1,1,4294967295
tileMaster,512,192,32,448,32,32,0,1,1,4294967295
tileMaster,512,224,32,448,32,32,0,1,1,4294967295
tileMaster,512,256,32,448,32,32,0,1,1,4294967295
tileMaster,512,288,32,448,32,32,0,1,1,4294967295
tileMaster,512,320,32,448,32,32,0,1,1,4294967295
tileMaster,512,352,32,448,32,32,0,1,1,4294967295
tileMaster,512,384,32,448,32,32,0,1,1,4294967295
tileMaster,512,416,32,448,32,32,0,1,1,4294967295
tileMaster,512,448,32,448,32,32,0,1,1,4294967295
tileMaster,512,480,32,448,32,32,0,1,1,4294967295
tileMaster,512,512,32,448,32,32,0,1,1,4294967295
tileMaster,512,544,32,448,32,32,0,1,1,4294967295
tileMaster,512,576,32,448,32,32,0,1,1,4294967295
tileMaster,512,608,32,448,32,32,0,1,1,4294967295
tileMaster,544,608,32,448,32,32,0,1,1,4294967295
tileMaster,576,608,32,448,32,32,0,1,1,4294967295
tileMaster,608,608,32,448,32,32,0,1,1,4294967295
tileMaster,608,576,32,448,32,32,0,1,1,4294967295
tileMaster,576,576,32,448,32,32,0,1,1,4294967295
tileMaster,544,576,32,448,32,32,0,1,1,4294967295
tileMaster,544,544,32,448,32,32,0,1,1,4294967295
tileMaster,576,544,32,448,32,32,0,1,1,4294967295
tileMaster,576,512,32,448,32,32,0,1,1,4294967295
tileMaster,576,480,32,448,32,32,0,1,1,4294967295
tileMaster,544,480,32,448,32,32,0,1,1,4294967295
tileMaster,544,512,32,448,32,32,0,1,1,4294967295
tileMaster,672,480,32,448,32,32,0,1,1,4294967295
tileMaster,704,480,32,448,32,32,0,1,1,4294967295
tileMaster,736,480,32,448,32,32,0,1,1,4294967295
tileMaster,768,480,32,448,32,32,0,1,1,4294967295
tileMaster,768,512,32,448,32,32,0,1,1,4294967295
tileMaster,768,544,32,448,32,32,0,1,1,4294967295
tileMaster,768,576,32,448,32,32,0,1,1,4294967295
tileMaster,768,608,32,448,32,32,0,1,1,4294967295
tileMaster,736,608,32,448,32,32,0,1,1,4294967295
tileMaster,704,608,32,448,32,32,0,1,1,4294967295
tileMaster,672,608,32,448,32,32,0,1,1,4294967295
tileMaster,672,576,32,448,32,32,0,1,1,4294967295
tileMaster,672,544,32,448,32,32,0,1,1,4294967295
tileMaster,672,512,32,448,32,32,0,1,1,4294967295
tileMaster,704,512,32,448,32,32,0,1,1,4294967295
tileMaster,736,512,32,448,32,32,0,1,1,4294967295
tileMaster,736,544,32,448,32,32,0,1,1,4294967295
tileMaster,736,576,32,448,32,32,0,1,1,4294967295
tileMaster,704,576,32,448,32,32,0,1,1,4294967295
tileMaster,704,544,32,448,32,32,0,1,1,4294967295
tileMaster,544,256,32,448,32,32,0,1,1,4294967295
tileMaster,544,288,32,448,32,32,0,1,1,4294967295
tileMaster,576,288,32,448,32,32,0,1,1,4294967295
tileMaster,608,288,32,448,32,32,0,1,1,4294967295
tileMaster,640,288,32,448,32,32,0,1,1,4294967295
tileMaster,672,288,32,448,32,32,0,1,1,4294967295
tileMaster,704,288,32,448,32,32,0,1,1,4294967295
tileMaster,736,288,32,448,32,32,0,1,1,4294967295
tileMaster,768,288,32,448,32,32,0,1,1,4294967295
tileMaster,768,320,32,448,32,32,0,1,1,4294967295
tileMaster,768,352,32,448,32,32,0,1,1,4294967295
tileMaster,768,256,32,448,32,32,0,1,1,4294967295
tileMaster,736,256,32,448,32,32,0,1,1,4294967295
tileMaster,704,256,32,448,32,32,0,1,1,4294967295
tileMaster,672,256,32,448,32,32,0,1,1,4294967295
tileMaster,640,256,32,448,32,32,0,1,1,4294967295
tileMaster,608,256,32,448,32,32,0,1,1,4294967295
tileMaster,608,224,32,448,32,32,0,1,1,4294967295
tileMaster,576,224,32,448,32,32,0,1,1,4294967295
tileMaster,576,256,32,448,32,32,0,1,1,4294967295
tileMaster,544,224,32,448,32,32,0,1,1,4294967295
tileMaster,544,192,32,448,32,32,0,1,1,4294967295
tileMaster,544,160,32,448,32,32,0,1,1,4294967295
tileMaster,544,128,32,448,32,32,0,1,1,4294967295
tileMaster,544,96,32,448,32,32,0,1,1,4294967295
tileMaster,544,64,32,448,32,32,0,1,1,4294967295
tileMaster,544,32,32,448,32,32,0,1,1,4294967295
tileMaster,544,0,32,448,32,32,0,1,1,4294967295
tileMaster,576,0,32,448,32,32,0,1,1,4294967295
tileMaster,608,0,32,448,32,32,0,1,1,4294967295
tileMaster,640,0,32,448,32,32,0,1,1,4294967295
tileMaster,672,0,32,448,32,32,0,1,1,4294967295
tileMaster,704,0,32,448,32,32,0,1,1,4294967295
tileMaster,736,0,32,448,32,32,0,1,1,4294967295
tileMaster,768,0,32,448,32,32,0,1,1,4294967295
tileMaster,768,32,32,448,32,32,0,1,1,4294967295
tileMaster,768,64,32,448,32,32,0,1,1,4294967295
tileMaster,768,96,32,448,32,32,0,1,1,4294967295
tileMaster,768,128,32,448,32,32,0,1,1,4294967295
tileMaster,768,160,32,448,32,32,0,1,1,4294967295
tileMaster,768,192,32,448,32,32,0,1,1,4294967295
tileMaster,768,224,32,448,32,32,0,1,1,4294967295
tileMaster,736,224,32,448,32,32,0,1,1,4294967295
tileMaster,704,224,32,448,32,32,0,1,1,4294967295
tileMaster,672,224,32,448,32,32,0,1,1,4294967295
tileMaster,640,224,32,448,32,32,0,1,1,4294967295
tileMaster,640,160,32,448,32,32,0,1,1,4294967295
tileMaster,672,160,32,448,32,32,0,1,1,4294967295
tileMaster,736,192,32,448,32,32,0,1,1,4294967295
tileMaster,704,192,32,448,32,32,0,1,1,4294967295
tileMaster,672,192,32,448,32,32,0,1,1,4294967295
tileMaster,640,192,32,448,32,32,0,1,1,4294967295
tileMaster,608,192,32,448,32,32,0,1,1,4294967295
tileMaster,576,192,32,448,32,32,0,1,1,4294967295
tileMaster,576,160,32,448,32,32,0,1,1,4294967295
tileMaster,576,128,32,448,32,32,0,1,1,4294967295
tileMaster,640,96,32,448,32,32,0,1,1,4294967295
tileMaster,672,96,32,448,32,32,0,1,1,4294967295
tileMaster,704,96,32,448,32,32,0,1,1,4294967295
tileMaster,736,96,32,448,32,32,0,1,1,4294967295
tileMaster,736,128,32,448,32,32,0,1,1,4294967295
tileMaster,736,160,32,448,32,32,0,1,1,4294967295
tileMaster,704,160,32,448,32,32,0,1,1,4294967295
tileMaster,704,128,32,448,32,32,0,1,1,4294967295
tileMaster,672,128,32,448,32,32,0,1,1,4294967295
tileMaster,640,128,32,448,32,32,0,1,1,4294967295
tileMaster,608,128,32,448,32,32,0,1,1,4294967295
tileMaster,608,160,32,448,32,32,0,1,1,4294967295
tileMaster,608,96,32,448,32,32,0,1,1,4294967295
tileMaster,576,96,32,448,32,32,0,1,1,4294967295
tileMaster,576,64,32,448,32,32,0,1,1,4294967295
tileMaster,576,32,32,448,32,32,0,1,1,4294967295
tileMaster,608,32,32,448,32,32,0,1,1,4294967295
tileMaster,640,32,32,448,32,32,0,1,1,4294967295
tileMaster,672,32,32,448,32,32,0,1,1,4294967295
tileMaster,704,32,32,448,32,32,0,1,1,4294967295
tileMaster,736,32,32,448,32,32,0,1,1,4294967295
tileMaster,736,64,32,448,32,32,0,1,1,4294967295
tileMaster,704,64,32,448,32,32,0,1,1,4294967295
tileMaster,672,64,32,448,32,32,0,1,1,4294967295
tileMaster,640,64,32,448,32,32,0,1,1,4294967295
tileMaster,608,64,32,448,32,32,0,1,1,4294967295
tileMaster,512,96,32,448,32,32,0,1,1,4294967295
tileMaster,480,96,32,448,32,32,0,1,1,4294967295
tileMaster,448,96,32,448,32,32,0,1,1,4294967295
tileMaster,416,96,32,448,32,32,0,1,1,4294967295
tileMaster,384,96,32,448,32,32,0,1,1,4294967295
tileMaster,352,96,32,448,32,32,0,1,1,4294967295
tileMaster,320,96,32,448,32,32,0,1,1,4294967295
tileMaster,288,96,32,448,32,32,0,1,1,4294967295
tileMaster,256,96,32,448,32,32,0,1,1,4294967295
tileMaster,224,96,32,448,32,32,0,1,1,4294967295
tileMaster,192,96,32,448,32,32,0,1,1,4294967295
tileMaster,160,96,32,448,32,32,0,1,1,4294967295
tileMaster,128,96,32,448,32,32,0,1,1,4294967295
tileMaster,128,64,32,448,32,32,0,1,1,4294967295
tileMaster,160,64,32,448,32,32,0,1,1,4294967295
tileMaster,192,64,32,448,32,32,0,1,1,4294967295
tileMaster,224,64,32,448,32,32,0,1,1,4294967295
tileMaster,256,64,32,448,32,32,0,1,1,4294967295
tileMaster,288,64,32,448,32,32,0,1,1,4294967295
tileMaster,320,64,32,448,32,32,0,1,1,4294967295
tileMaster,352,64,32,448,32,32,0,1,1,4294967295
tileMaster,384,64,32,448,32,32,0,1,1,4294967295
tileMaster,416,64,32,448,32,32,0,1,1,4294967295
tileMaster,448,64,32,448,32,32,0,1,1,4294967295
tileMaster,480,64,32,448,32,32,0,1,1,4294967295
tileMaster,512,64,32,448,32,32,0,1,1,4294967295
tileMaster,512,32,32,448,32,32,0,1,1,4294967295
tileMaster,480,32,32,448,32,32,0,1,1,4294967295
tileMaster,448,32,32,448,32,32,0,1,1,4294967295
tileMaster,416,32,32,448,32,32,0,1,1,4294967295
tileMaster,384,32,32,448,32,32,0,1,1,4294967295
tileMaster,352,32,32,448,32,32,0,1,1,4294967295
tileMaster,320,32,32,448,32,32,0,1,1,4294967295
tileMaster,288,32,32,448,32,32,0,1,1,4294967295
tileMaster,256,32,32,448,32,32,0,1,1,4294967295
tileMaster,224,32,32,448,32,32,0,1,1,4294967295
tileMaster,192,32,32,448,32,32,0,1,1,4294967295
tileMaster,160,32,32,448,32,32,0,1,1,4294967295
tileMaster,128,32,32,448,32,32,0,1,1,4294967295
tileMaster,128,0,32,448,32,32,0,1,1,4294967295
tileMaster,160,0,32,448,32,32,0,1,1,4294967295
tileMaster,192,0,32,448,32,32,0,1,1,4294967295
tileMaster,224,0,32,448,32,32,0,1,1,4294967295
tileMaster,256,0,32,448,32,32,0,1,1,4294967295
tileMaster,288,0,32,448,32,32,0,1,1,4294967295
tileMaster,320,0,32,448,32,32,0,1,1,4294967295
tileMaster,352,0,32,448,32,32,0,1,1,4294967295
tileMaster,384,0,32,448,32,32,0,1,1,4294967295
tileMaster,416,0,32,448,32,32,0,1,1,4294967295
tileMaster,448,0,32,448,32,32,0,1,1,4294967295
tileMaster,480,0,32,448,32,32,0,1,1,4294967295
tileMaster,512,0,32,448,32,32,0,1,1,4294967295
tileMaster,736,2144,0,448,32,32,0,1,1,4294967295
tileMaster,96,704,0,448,32,32,0,1,1,4294967295
tileMaster,160,704,0,448,32,32,0,1,1,4294967295
tileMaster,800,3008,32,448,32,32,0,1,1,4294967295
tileMaster,832,3008,32,448,32,32,0,1,1,4294967295
tileMaster,864,3008,32,448,32,32,0,1,1,4294967295
tileMaster,896,3008,32,448,32,32,0,1,1,4294967295
tileMaster,928,3008,32,448,32,32,0,1,1,4294967295
tileMaster,960,3008,32,448,32,32,0,1,1,4294967295
tileMaster,992,3008,32,448,32,32,0,1,1,4294967295
tileMaster,1024,3008,32,448,32,32,0,1,1,4294967295
tileMaster,1056,3008,32,448,32,32,0,1,1,4294967295
tileMaster,1088,3008,32,448,32,32,0,1,1,4294967295
tileMaster,1120,3008,32,448,32,32,0,1,1,4294967295
tileMaster,1152,3008,32,448,32,32,0,1,1,4294967295
tileMaster,1184,3008,32,448,32,32,0,1,1,4294967295
tileMaster,1216,3008,32,448,32,32,0,1,1,4294967295
tileMaster,1248,3008,32,448,32,32,0,1,1,4294967295
tileMaster,1280,3008,32,448,32,32,0,1,1,4294967295
tileMaster,1312,3008,32,448,32,32,0,1,1,4294967295
tileMaster,1344,3008,32,448,32,32,0,1,1,4294967295
tileMaster,1376,3008,32,448,32,32,0,1,1,4294967295
tileMaster,1408,3008,32,448,32,32,0,1,1,4294967295
tileMaster,1440,3008,32,448,32,32,0,1,1,4294967295
tileMaster,1472,3008,32,448,32,32,0,1,1,4294967295
tileMaster,1504,3008,32,448,32,32,0,1,1,4294967295
tileMaster,1536,3008,32,448,32,32,0,1,1,4294967295
tileMaster,1568,3008,32,448,32,32,0,1,1,4294967295
tileMaster,800,2432,32,448,32,32,0,1,1,4294967295
tileMaster,832,2432,32,448,32,32,0,1,1,4294967295
tileMaster,864,2432,32,448,32,32,0,1,1,4294967295
tileMaster,896,2432,32,448,32,32,0,1,1,4294967295
tileMaster,960,2432,32,448,32,32,0,1,1,4294967295
tileMaster,992,2432,32,448,32,32,0,1,1,4294967295
tileMaster,1024,2432,32,448,32,32,0,1,1,4294967295
tileMaster,1088,2432,32,448,32,32,0,1,1,4294967295
tileMaster,1120,2432,32,448,32,32,0,1,1,4294967295
tileMaster,1184,2432,32,448,32,32,0,1,1,4294967295
tileMaster,1216,2432,32,448,32,32,0,1,1,4294967295
tileMaster,1280,2432,32,448,32,32,0,1,1,4294967295
tileMaster,1312,2432,32,448,32,32,0,1,1,4294967295
tileMaster,1344,2432,32,448,32,32,0,1,1,4294967295
tileMaster,1408,2432,32,448,32,32,0,1,1,4294967295
tileMaster,1440,2432,32,448,32,32,0,1,1,4294967295
tileMaster,1504,2432,32,448,32,32,0,1,1,4294967295
tileMaster,1536,2432,32,448,32,32,0,1,1,4294967295
tileMaster,1568,2432,32,448,32,32,0,1,1,4294967295
tileMaster,928,2432,32,448,32,32,0,1,1,4294967295
tileMaster,1056,2432,32,448,32,32,0,1,1,4294967295
tileMaster,1152,2432,32,448,32,32,0,1,1,4294967295
tileMaster,1248,2432,32,448,32,32,0,1,1,4294967295
tileMaster,1376,2432,32,448,32,32,0,1,1,4294967295
tileMaster,1472,2432,32,448,32,32,0,1,1,4294967295
tileMaster,1568,2976,32,448,32,32,0,1,1,4294967295
tileMaster,1568,2944,32,448,32,32,0,1,1,4294967295
tileMaster,1568,2816,32,448,32,32,0,1,1,4294967295
tileMaster,1568,2784,32,448,32,32,0,1,1,4294967295
tileMaster,1568,2752,32,448,32,32,0,1,1,4294967295
tileMaster,1568,2720,32,448,32,32,0,1,1,4294967295
tileMaster,1568,2688,32,448,32,32,0,1,1,4294967295
tileMaster,1568,2656,32,448,32,32,0,1,1,4294967295
tileMaster,1568,2624,32,448,32,32,0,1,1,4294967295
tileMaster,1568,2592,32,448,32,32,0,1,1,4294967295
tileMaster,1568,2560,32,448,32,32,0,1,1,4294967295
tileMaster,1568,2528,32,448,32,32,0,1,1,4294967295
tileMaster,1568,2496,32,448,32,32,0,1,1,4294967295
tileMaster,1568,2464,32,448,32,32,0,1,1,4294967295
tileMaster,800,2464,32,448,32,32,0,1,1,4294967295
tileMaster,800,2496,32,448,32,32,0,1,1,4294967295
tileMaster,800,2528,32,448,32,32,0,1,1,4294967295
tileMaster,800,2560,32,448,32,32,0,1,1,4294967295
tileMaster,800,2592,32,448,32,32,0,1,1,4294967295
tileMaster,800,2624,32,448,32,32,0,1,1,4294967295
tileMaster,800,2656,32,448,32,32,0,1,1,4294967295
tileMaster,800,2688,32,448,32,32,0,1,1,4294967295
tileMaster,800,2720,32,448,32,32,0,1,1,4294967295
tileMaster,800,2752,32,448,32,32,0,1,1,4294967295
tileMaster,800,2784,32,448,32,32,0,1,1,4294967295
tileMaster,800,2816,32,448,32,32,0,1,1,4294967295
tileMaster,800,2848,32,448,32,32,0,1,1,4294967295
tileMaster,800,2976,32,448,32,32,0,1,1,4294967295
tileMaster,800,2944,32,448,32,32,0,1,1,4294967295
tileMaster,800,2912,32,448,32,32,0,1,1,4294967295
tileMaster,800,2896,32,448,32,32,0,1,1,4294967295
tileMaster,832,2464,32,448,32,32,0,1,1,4294967295
tileMaster,832,2496,32,448,32,32,0,1,1,4294967295
tileMaster,832,2528,32,448,32,32,0,1,1,4294967295
tileMaster,832,2560,32,448,32,32,0,1,1,4294967295
tileMaster,832,2592,32,448,32,32,0,1,1,4294967295
tileMaster,832,2624,32,448,32,32,0,1,1,4294967295
tileMaster,832,2656,32,448,32,32,0,1,1,4294967295
tileMaster,832,2688,32,448,32,32,0,1,1,4294967295
tileMaster,832,2720,32,448,32,32,0,1,1,4294967295
tileMaster,832,2752,32,448,32,32,0,1,1,4294967295
tileMaster,832,2784,32,448,32,32,0,1,1,4294967295
tileMaster,832,2816,32,448,32,32,0,1,1,4294967295
tileMaster,832,2848,32,448,32,32,0,1,1,4294967295
tileMaster,832,2912,32,448,32,32,0,1,1,4294967295
tileMaster,832,2944,32,448,32,32,0,1,1,4294967295
tileMaster,832,2976,32,448,32,32,0,1,1,4294967295
tileMaster,1536,2976,32,448,32,32,0,1,1,4294967295
tileMaster,1536,2944,32,448,32,32,0,1,1,4294967295
tileMaster,1536,2816,32,448,32,32,0,1,1,4294967295
tileMaster,1536,2784,32,448,32,32,0,1,1,4294967295
tileMaster,1536,2752,32,448,32,32,0,1,1,4294967295
tileMaster,1536,2720,32,448,32,32,0,1,1,4294967295
tileMaster,1536,2688,32,448,32,32,0,1,1,4294967295
tileMaster,1536,2656,32,448,32,32,0,1,1,4294967295
tileMaster,1536,2624,32,448,32,32,0,1,1,4294967295
tileMaster,1536,2592,32,448,32,32,0,1,1,4294967295
tileMaster,1536,2560,32,448,32,32,0,1,1,4294967295
tileMaster,1536,2528,32,448,32,32,0,1,1,4294967295
tileMaster,1536,2496,32,448,32,32,0,1,1,4294967295
tileMaster,1536,2464,32,448,32,32,0,1,1,4294967295
tileMaster,1504,2464,32,448,32,32,0,1,1,4294967295
tileMaster,1472,2464,32,448,32,32,0,1,1,4294967295
tileMaster,1440,2464,32,448,32,32,0,1,1,4294967295
tileMaster,1408,2464,32,448,32,32,0,1,1,4294967295
tileMaster,1376,2464,32,448,32,32,0,1,1,4294967295
tileMaster,1344,2464,32,448,32,32,0,1,1,4294967295
tileMaster,1312,2464,32,448,32,32,0,1,1,4294967295
tileMaster,1280,2464,32,448,32,32,0,1,1,4294967295
tileMaster,1248,2464,32,448,32,32,0,1,1,4294967295
tileMaster,1216,2464,32,448,32,32,0,1,1,4294967295
tileMaster,1184,2464,32,448,32,32,0,1,1,4294967295
tileMaster,1152,2464,32,448,32,32,0,1,1,4294967295
tileMaster,1120,2464,32,448,32,32,0,1,1,4294967295
tileMaster,1088,2464,32,448,32,32,0,1,1,4294967295
tileMaster,1056,2464,32,448,32,32,0,1,1,4294967295
tileMaster,1024,2464,32,448,32,32,0,1,1,4294967295
tileMaster,992,2464,32,448,32,32,0,1,1,4294967295
tileMaster,960,2464,32,448,32,32,0,1,1,4294967295
tileMaster,928,2464,32,448,32,32,0,1,1,4294967295
tileMaster,896,2464,32,448,32,32,0,1,1,4294967295
tileMaster,864,2464,32,448,32,32,0,1,1,4294967295
tileMaster,1152,2496,32,448,32,32,0,1,1,4294967295
tileMaster,1184,2496,32,448,32,32,0,1,1,4294967295
tileMaster,1216,2496,32,448,32,32,0,1,1,4294967295
tileMaster,1248,2496,32,448,32,32,0,1,1,4294967295
tileMaster,1120,2496,32,448,32,32,0,1,1,4294967295
tileMaster,1184,2528,32,448,32,32,0,1,1,4294967295
tileMaster,1216,2528,32,448,32,32,0,1,1,4294967295
tileMaster,1152,2528,32,448,32,32,0,1,1,4294967295
tileMaster,1184,2976,32,448,32,32,0,1,1,4294967295
tileMaster,1216,2976,32,448,32,32,0,1,1,4294967295
tileMaster,1248,2976,32,448,32,32,0,1,1,4294967295
tileMaster,1312,2976,0,448,32,32,0,1,1,4294967295
tileMaster,1344,2976,0,448,32,32,0,1,1,4294967295
tileMaster,1376,2976,0,448,32,32,0,1,1,4294967295
tileMaster,1408,2976,0,448,32,32,0,1,1,4294967295
tileMaster,1440,2976,0,448,32,32,0,1,1,4294967295
tileMaster,1472,2976,0,448,32,32,0,1,1,4294967295
tileMaster,1504,2976,0,448,32,32,0,1,1,4294967295
tileMaster,1248,2944,0,448,32,32,0,1,1,4294967295
tileMaster,1184,2912,0,448,32,32,0,1,1,4294967295
tileMaster,1216,2912,0,448,32,32,0,1,1,4294967295
tileMaster,1152,2912,0,448,32,32,0,1,1,4294967295
tileMaster,1120,2944,0,448,32,32,0,1,1,4294967295
tileMaster,1280,2976,0,448,32,32,0,1,1,4294967295
tileMaster,1088,2976,0,448,32,32,0,1,1,4294967295
tileMaster,1056,2976,0,448,32,32,0,1,1,4294967295
tileMaster,1024,2976,0,448,32,32,0,1,1,4294967295
tileMaster,992,2976,0,448,32,32,0,1,1,4294967295
tileMaster,960,2976,0,448,32,32,0,1,1,4294967295
tileMaster,928,2976,0,448,32,32,0,1,1,4294967295
tileMaster,896,2976,0,448,32,32,0,1,1,4294967295
tileMaster,864,2976,0,448,32,32,0,1,1,4294967295
tileMaster,1152,2976,32,448,32,32,0,1,1,4294967295
tileMaster,1184,2944,32,448,32,32,0,1,1,4294967295
tileMaster,1216,2944,32,448,32,32,0,1,1,4294967295
tileMaster,1152,2944,32,448,32,32,0,1,1,4294967295
tileMaster,1120,2976,32,448,32,32,0,1,1,4294967295
tileMaster,832,2896,32,448,32,32,0,1,1,4294967295
tileMaster,896,2944,64,448,96,32,0,1,1,4294967295
tileMaster,1024,2944,64,448,96,32,0,1,1,4294967295
tileMaster,1280,2944,64,448,96,32,0,1,1,4294967295
tileMaster,1408,2944,64,448,96,32,0,1,1,4294967295
tileMaster,896,2496,160,448,96,32,0,1,1,4294967295
tileMaster,1024,2496,160,448,96,32,0,1,1,4294967295
tileMaster,1280,2496,160,448,96,32,0,1,1,4294967295
tileMaster,1408,2496,160,448,96,32,0,1,1,4294967295
tileMaster,928,2528,256,448,32,32,0,1,1,4294967295
tileMaster,928,2560,256,448,32,32,0,1,1,4294967295
tileMaster,928,2592,256,448,32,32,0,1,1,4294967295
tileMaster,928,2624,256,448,32,32,0,1,1,4294967295
tileMaster,928,2656,256,448,32,32,0,1,1,4294967295
tileMaster,928,2688,256,448,32,32,0,1,1,4294967295
tileMaster,928,2720,256,448,32,32,0,1,1,4294967295
tileMaster,928,2752,256,448,32,32,0,1,1,4294967295
tileMaster,928,2784,256,448,32,32,0,1,1,4294967295
tileMaster,928,2816,256,448,32,32,0,1,1,4294967295
tileMaster,928,2848,256,448,32,32,0,1,1,4294967295
tileMaster,928,2880,256,448,32,32,0,1,1,4294967295
tileMaster,928,2912,256,448,32,32,0,1,1,4294967295
tileMaster,1056,2912,256,448,32,32,0,1,1,4294967295
tileMaster,1056,2880,256,448,32,32,0,1,1,4294967295
tileMaster,1056,2848,256,448,32,32,0,1,1,4294967295
tileMaster,1056,2816,256,448,32,32,0,1,1,4294967295
tileMaster,1056,2784,256,448,32,32,0,1,1,4294967295
tileMaster,1056,2752,256,448,32,32,0,1,1,4294967295
tileMaster,1056,2720,256,448,32,32,0,1,1,4294967295
tileMaster,1056,2688,256,448,32,32,0,1,1,4294967295
tileMaster,1056,2656,256,448,32,32,0,1,1,4294967295
tileMaster,1056,2624,256,448,32,32,0,1,1,4294967295
tileMaster,1056,2592,256,448,32,32,0,1,1,4294967295
tileMaster,1056,2560,256,448,32,32,0,1,1,4294967295
tileMaster,1056,2528,256,448,32,32,0,1,1,4294967295
tileMaster,1312,2528,256,448,32,32,0,1,1,4294967295
tileMaster,1312,2560,256,448,32,32,0,1,1,4294967295
tileMaster,1312,2592,256,448,32,32,0,1,1,4294967295
tileMaster,1312,2624,256,448,32,32,0,1,1,4294967295
tileMaster,1312,2656,256,448,32,32,0,1,1,4294967295
tileMaster,1312,2688,256,448,32,32,0,1,1,4294967295
tileMaster,1312,2720,256,448,32,32,0,1,1,4294967295
tileMaster,1312,2752,256,448,32,32,0,1,1,4294967295
tileMaster,1312,2784,256,448,32,32,0,1,1,4294967295
tileMaster,1312,2816,256,448,32,32,0,1,1,4294967295
tileMaster,1312,2848,256,448,32,32,0,1,1,4294967295
tileMaster,1312,2880,256,448,32,32,0,1,1,4294967295
tileMaster,1312,2912,256,448,32,32,0,1,1,4294967295
tileMaster,1440,2912,256,448,32,32,0,1,1,4294967295
tileMaster,1440,2880,256,448,32,32,0,1,1,4294967295
tileMaster,1440,2848,256,448,32,32,0,1,1,4294967295
tileMaster,1440,2816,256,448,32,32,0,1,1,4294967295
tileMaster,1440,2784,256,448,32,32,0,1,1,4294967295
tileMaster,1440,2752,256,448,32,32,0,1,1,4294967295
tileMaster,1440,2720,256,448,32,32,0,1,1,4294967295
tileMaster,1440,2688,256,448,32,32,0,1,1,4294967295
tileMaster,1440,2656,256,448,32,32,0,1,1,4294967295
tileMaster,1440,2624,256,448,32,32,0,1,1,4294967295
tileMaster,1440,2592,256,448,32,32,0,1,1,4294967295
tileMaster,1440,2560,256,448,32,32,0,1,1,4294967295
tileMaster,1440,2528,256,448,32,32,0,1,1,4294967295
bgOwataPainting,1088,2592,0,0,224,264,0,1,1,4294967295
tileMaster,1536,2912,0,448,32,32,0,1,1,4294967295
tileMaster,1568,2912,0,448,32,32,0,1,1,4294967295
