FortressSkybox,128,160,003E4B4B,0,1,1,4294967295,0,0
Higger,5088,800,0012C48E,0,1,1,4294967295,0,0
saveHard,1600,256,001A7A5F,0,1,1,4294967295,0,0
saveMedium,2368,32,003409E9,0,1,1,4294967295,0,0
saveMedium,3200,640,0018D382,0,1,1,4294967295,0,0
saveHard,4736,960,001D5030,0,1,1,4294967295,0,0
saveVeryHard,0,384,000D7884,0,1,1,4294967295,0,0
saveVeryHard,2432,640,00272D4E,0,1,1,4294967295,0,0
spikeUp,320,512,000461D6,0,1,1,4294967295,0,0
spikeUp,288,512,001993C5,0,1,1,4294967295,0,0
spikeUp,352,512,000B93AF,0,1,1,4294967295,0,0
spikeUp,384,480,00318C04,0,1,1,4294967295,0,0
spikeUp,416,512,001BCF5F,0,1,1,4294967295,0,0
spikeUp,448,480,0005508E,0,1,1,4294967295,0,0
spikeUp,480,512,001227BE,0,1,1,4294967295,0,0
spikeUp,512,480,0020839E,0,1,1,4294967295,0,0
spikeUp,544,512,00186778,0,1,1,4294967295,0,0
spikeUp,576,512,003D4D17,0,1,1,4294967295,0,0
spikeUp,608,512,000CC545,0,1,1,4294967295,0,0
spikeUp,640,512,001377F8,0,1,1,4294967295,0,0
spikeUp,672,512,001F8411,0,1,1,4294967295,0,0
spikeUp,704,512,001758F6,0,1,1,4294967295,0,0
spikeUp,960,320,002B70C1,0,1,1,4294967295,0,0
spikeUp,2432,544,0024CD2B,0,1,1,4294967295,0,0
spikeUp,2464,544,003CBF72,0,1,1,4294967295,0,0
spikeUp,2496,544,0026B718,0,1,1,4294967295,0,0
spikeUp,2528,544,00375286,0,1,1,4294967295,0,0
spikeUp,2560,544,0010AF0E,0,1,1,4294967295,0,0
spikeUp,2592,544,00117170,0,1,1,4294967295,0,0
spikeUp,2624,544,0004D81F,0,1,1,4294967295,0,0
spikeUp,2656,544,0017499D,0,1,1,4294967295,0,0
spikeUp,2688,544,0005F52A,0,1,1,4294967295,0,0
spikeUp,2720,544,0011F84B,0,1,1,4294967295,0,0
spikeUp,2752,544,001ADB9C,0,1,1,4294967295,0,0
spikeUp,2784,544,0001B245,0,1,1,4294967295,0,0
spikeUp,2816,544,001950AC,0,1,1,4294967295,0,0
spikeUp,2848,544,00333622,0,1,1,4294967295,0,0
spikeUp,2880,544,0026BC91,0,1,1,4294967295,0,0
spikeUp,2912,544,002A293D,0,1,1,4294967295,0,0
spikeUp,2944,544,0027C67C,0,1,1,4294967295,0,0
spikeUp,2976,544,0003B404,0,1,1,4294967295,0,0
spikeUp,3008,544,001567AB,0,1,1,4294967295,0,0
spikeUp,3040,544,000A6E8B,0,1,1,4294967295,0,0
spikeUp,3072,544,00034BFE,0,1,1,4294967295,0,0
spikeUp,3104,544,00377255,0,1,1,4294967295,0,0
spikeUp,3136,544,00113E70,0,1,1,4294967295,0,0
spikeUp,1728,544,0038B0FC,0,1,1,4294967295,0,0
spikeUp,1760,544,0014B6A5,0,1,1,4294967295,0,0
spikeUp,1792,544,00375749,0,1,1,4294967295,0,0
spikeUp,1824,544,00388838,0,1,1,4294967295,0,0
spikeUp,1856,544,0002B1A4,0,1,1,4294967295,0,0
spikeUp,1888,544,002B73A1,0,1,1,4294967295,0,0
spikeUp,1920,544,0024A4BE,0,1,1,4294967295,0,0
spikeUp,1952,544,003F1BF6,0,1,1,4294967295,0,0
spikeUp,1984,544,00272CAB,0,1,1,4294967295,0,0
spikeUp,2016,544,0009FF84,0,1,1,4294967295,0,0
spikeUp,2048,544,003F942C,0,1,1,4294967295,0,0
spikeUp,2080,544,000F76E1,0,1,1,4294967295,0,0
spikeUp,2112,544,00009F7A,0,1,1,4294967295,0,0
spikeUp,2144,544,00084655,0,1,1,4294967295,0,0
spikeUp,2176,544,003AED5A,0,1,1,4294967295,0,0
spikeUp,2208,544,001CAB93,0,1,1,4294967295,0,0
spikeUp,2240,544,00352675,0,1,1,4294967295,0,0
spikeUp,2272,544,00155FC9,0,1,1,4294967295,0,0
spikeUp,2304,544,0027A238,0,1,1,4294967295,0,0
spikeUp,2400,1120,0033E16A,0,1,1,4294967295,0,0
spikeUp,2432,1120,003495DA,0,1,1,4294967295,0,0
spikeUp,2464,1120,001CFD91,0,1,1,4294967295,0,0
spikeUp,2496,1120,000C17CD,0,1,1,4294967295,0,0
spikeUp,2528,1120,00196AAF,0,1,1,4294967295,0,0
spikeUp,2560,1120,0025BDAF,0,1,1,4294967295,0,0
spikeUp,2592,1120,0013CDAC,0,1,1,4294967295,0,0
spikeUp,2624,1120,003A00DD,0,1,1,4294967295,0,0
spikeUp,2656,1120,00295DB4,0,1,1,4294967295,0,0
spikeUp,2688,1120,003F920C,0,1,1,4294967295,0,0
spikeUp,2720,1120,00282522,0,1,1,4294967295,0,0
spikeUp,2752,1120,0031F6A2,0,1,1,4294967295,0,0
spikeUp,2784,1120,003555AA,0,1,1,4294967295,0,0
spikeUp,2816,1120,00371898,0,1,1,4294967295,0,0
spikeUp,2848,1120,002B8F87,0,1,1,4294967295,0,0
spikeUp,2880,1120,002F55AD,0,1,1,4294967295,0,0
spikeUp,2912,1120,00304F2B,0,1,1,4294967295,0,0
spikeUp,2944,1120,00194D11,0,1,1,4294967295,0,0
spikeUp,2976,1120,001EA07A,0,1,1,4294967295,0,0
spikeUp,3008,1120,002D9EEC,0,1,1,4294967295,0,0
spikeUp,3040,1120,00204C94,0,1,1,4294967295,0,0
spikeUp,3072,1120,002086E0,0,1,1,4294967295,0,0
spikeUp,3104,1120,0020C6BB,0,1,1,4294967295,0,0
spikeUp,2432,800,00299540,0,1,1,4294967295,0,0
spikeUp,2464,800,0006ABE7,0,1,1,4294967295,0,0
spikeUp,2496,800,001AC8AB,0,1,1,4294967295,0,0
spikeUp,2528,800,000E1A42,0,1,1,4294967295,0,0
spikeUp,2560,800,0009E87F,0,1,1,4294967295,0,0
spikeUp,2592,800,00155D20,0,1,1,4294967295,0,0
spikeUp,2624,800,001F71FB,0,1,1,4294967295,0,0
spikeUp,2859,1005,00249784,0,1,1,4294967295,0,0
spikeUp,3040,928,002256AC,0,1,1,4294967295,0,0
spikeUp,3072,928,003727B0,0,1,1,4294967295,0,0
spikeUp,4352,1024,0026C1B1,0,1,1,4294967295,0,0
spikeUp,4448,1024,0016E9E5,0,1,1,4294967295,0,0
spikeUp,4480,1024,00219951,0,1,1,4294967295,0,0
spikeUp,4576,1024,003771D8,0,1,1,4294967295,0,0
spikeUp,4864,1088,003C150F,0,1,1,4294967295,0,0
spikeUp,4896,1088,0023C648,0,1,1,4294967295,0,0
spikeUp,4928,1088,000D2D4C,0,1,1,4294967295,0,0
spikeUp,4960,1088,002418C9,0,1,1,4294967295,0,0
spikeUp,4992,1088,001084BF,0,1,1,4294967295,0,0
spikeUp,5024,1088,00103A31,0,1,1,4294967295,0,0
spikeUp,5056,1088,003685C3,0,1,1,4294967295,0,0
spikeUp,5088,1088,00136AEF,0,1,1,4294967295,0,0
spikeUp,5120,1088,0007370A,0,1,1,4294967295,0,0
spikeUp,5152,1088,003CA3AD,0,1,1,4294967295,0,0
spikeUp,5184,1088,0028A91F,0,1,1,4294967295,0,0
spikeUp,5216,1088,000A15DC,0,1,1,4294967295,0,0
spikeUp,5248,1088,001E5FB6,0,1,1,4294967295,0,0
spikeUp,5280,1088,00120339,0,1,1,4294967295,0,0
spikeUp,5312,1088,00213487,0,1,1,4294967295,0,0
spikeUp,5344,1088,000C142C,0,1,1,4294967295,0,0
spikeUp,5376,1088,002FCF04,0,1,1,4294967295,0,0
spikeUp,5408,1088,0021BD2D,0,1,1,4294967295,0,0
spikeUp,5440,1088,002E4EC2,0,1,1,4294967295,0,0
spikeUp,5472,1088,003371E5,0,1,1,4294967295,0,0
spikeUp,5504,1088,000E698D,0,1,1,4294967295,0,0
spikeUp,5440,928,0011FBDC,0,1,1,4294967295,0,0
spikeUp,5408,928,00241B74,0,1,1,4294967295,0,0
spikeUp,5376,928,0037407D,0,1,1,4294967295,0,0
spikeUp,5344,928,00183220,0,1,1,4294967295,0,0
spikeUp,5312,928,00125228,0,1,1,4294967295,0,0
spikeUp,5056,928,002865E4,0,1,1,4294967295,0,0
spikeUp,5024,928,001FAAAB,0,1,1,4294967295,0,0
spikeUp,4992,928,00218C20,0,1,1,4294967295,0,0
spikeUp,4960,928,00153115,0,1,1,4294967295,0,0
spikeUp,4704,1696,00219E3D,0,1,1,4294967295,0,0
spikeUp,4736,1696,002FF6DF,0,1,1,4294967295,0,0
spikeUp,4768,1696,003497F1,0,1,1,4294967295,0,0
spikeUp,4544,1504,0024E996,0,1,1,4294967295,0,0
spikeUp,4576,1504,002A899A,0,1,1,4294967295,0,0
spikeUp,4608,1504,002196A7,0,1,1,4294967295,0,0
spikeUp,4640,1504,002854FE,0,1,1,4294967295,0,0
spikeUp,4672,1504,00356BFC,0,1,1,4294967295,0,0
spikeUp,4416,1472,00379BE8,0,1,1,4294967295,0,0
spikeUp,4416,1408,001DF840,0,1,1,4294967295,0,0
spikeUp,4416,1344,0028E0B1,0,1,1,4294967295,0,0
spikeUp,4416,1280,00268D7A,0,1,1,4294967295,0,0
spikeUp,4416,1216,002E6108,0,1,1,4294967295,0,0
spikeUp,4032,1408,002E70EF,0,1,1,4294967295,0,0
spikeLeft,704,480,001578CA,0,1,1,4294967295,0,0
spikeLeft,704,448,003A1ED9,0,1,1,4294967295,0,0
spikeLeft,704,416,003DBE33,0,1,1,4294967295,0,0
spikeLeft,704,384,002F89D1,0,1,1,4294967295,0,0
spikeDown,512,384,002E03E2,0,1,1,4294967295,0,0
spikeRight,2891,1037,000EAC1D,0,1,1,4294967295,0,0
spikeRight,2891,1069,0014805B,0,1,1,4294967295,0,0
spikeRight,3008,1024,002285CA,0,1,1,4294967295,0,0
spikeRight,3040,864,0013CBC0,0,1,1,4294967295,0,0
spikeRight,3008,832,00063FA0,0,1,1,4294967295,0,0
spikeRight,3008,704,0028C84C,0,1,1,4294967295,0,0
spikeRight,3008,672,000731EB,0,1,1,4294967295,0,0
spikeRight,3008,640,0038FE32,0,1,1,4294967295,0,0
spikeLeft,2944,640,00068052,0,1,1,4294967295,0,0
spikeLeft,2944,672,0009B9C8,0,1,1,4294967295,0,0
spikeLeft,2944,704,003A1986,0,1,1,4294967295,0,0
spikeLeft,2944,736,001FAF4F,0,1,1,4294967295,0,0
spikeLeft,2944,768,001A38E0,0,1,1,4294967295,0,0
spikeLeft,2944,800,00117E8C,0,1,1,4294967295,0,0
spikeLeft,2944,832,001FA4FF,0,1,1,4294967295,0,0
spikeLeft,2944,864,0026E2A6,0,1,1,4294967295,0,0
spikeLeft,2944,896,000400C0,0,1,1,4294967295,0,0
spikeLeft,2944,928,000F781C,0,1,1,4294967295,0,0
spikeLeft,2944,960,003CDB6E,0,1,1,4294967295,0,0
spikeLeft,2944,992,00251390,0,1,1,4294967295,0,0
spikeLeft,2944,1024,0027B393,0,1,1,4294967295,0,0
spikeLeft,3104,1024,001F6EC5,0,1,1,4294967295,0,0
spikeLeft,3104,864,002048D5,0,1,1,4294967295,0,0
spikeDown,4960,800,002D37E9,0,1,1,4294967295,0,0
spikeDown,4992,800,0039BCA1,0,1,1,4294967295,0,0
spikeDown,5024,800,0028D0FF,0,1,1,4294967295,0,0
spikeDown,5056,800,001EF969,0,1,1,4294967295,0,0
spikeDown,5088,800,00217D36,0,1,1,4294967295,0,0
spikeDown,5120,800,003C4436,0,1,1,4294967295,0,0
spikeDown,5152,800,00175195,0,1,1,4294967295,0,0
spikeDown,5184,800,0029069B,0,1,1,4294967295,0,0
spikeDown,5216,800,000CF3A4,0,1,1,4294967295,0,0
spikeDown,5248,800,001920CD,0,1,1,4294967295,0,0
spikeDown,5280,800,002B302D,0,1,1,4294967295,0,0
spikeDown,5312,800,001596D5,0,1,1,4294967295,0,0
spikeDown,5344,800,0009C84B,0,1,1,4294967295,0,0
spikeDown,5376,800,003E3879,0,1,1,4294967295,0,0
spikeDown,5408,800,000EB2BB,0,1,1,4294967295,0,0
spikeDown,5440,800,000FD204,0,1,1,4294967295,0,0
spikeDown,5472,800,000B7026,0,1,1,4294967295,0,0
spikeDown,5504,800,002BE7B5,0,1,1,4294967295,0,0
spikeLeft,4384,1504,0033BA5E,0,1,1,4294967295,0,0
spikeLeft,4384,1440,001EA67E,0,1,1,4294967295,0,0
spikeLeft,4384,1376,00347ECC,0,1,1,4294967295,0,0
spikeLeft,4384,1312,003E5265,0,1,1,4294967295,0,0
spikeLeft,4384,1248,00025B58,0,1,1,4294967295,0,0
spikeRight,4448,1504,0013D116,0,1,1,4294967295,0,0
spikeRight,4448,1440,002D70B9,0,1,1,4294967295,0,0
spikeRight,4448,1376,003D6C7B,0,1,1,4294967295,0,0
spikeRight,4448,1312,003FB9C4,0,1,1,4294967295,0,0
spikeRight,4448,1248,003D8E47,0,1,1,4294967295,0,0
MoonSmall,4608,672,00063DE5,0,1,1,4294967295,0,0
spikeLeft,4000,1440,001CC2D7,0,1,1,4294967295,0,0
spikeRight,4064,1440,001173E5,0,1,1,4294967295,0,0
RevealingSpikesUp,512,288,0002C862,0,1,1,4294967295,0,0
RevealingSpikesUp,704,352,00370178,0,1,1,4294967295,0,0
SpinningFortBrick,4608,1056,00297A8C,0,1,1,4294967295,0,0
SpinningFortBrick,4640,1056,002B2DF5,0,1,1,4294967295,0,0
SpinningFortBrick,4672,1056,00260B53,0,1,1,4294967295,0,0
SpinningFortBrick,4512,1056,00031179,0,1,1,4294967295,0,0
SpinningFortBrick,4544,1056,001BF764,0,1,1,4294967295,0,0
BounceRight,1056,64,00146FA5,0,1,1,4294967295,0,0
BounceRight,1056,192,002FEB08,0,1,1,4294967295,0,0
BounceUp,1408,544,0027547F,0,1,1,4294967295,0,0
BounceUp,1440,544,0009975E,0,1,1,4294967295,0,0
BounceUp,1472,544,003B3EFF,0,1,1,4294967295,0,0
BounceUp,1504,544,0030A4DC,0,1,1,4294967295,0,0
BounceRight,1056,96,00314409,0,1,1,4294967295,0,0
BounceDown,1408,32,0005DE4B,0,1,1,4294967295,0,0
BounceDown,1440,32,00380ACD,0,1,1,4294967295,0,0
BounceDown,1472,32,002B53BD,0,1,1,4294967295,0,0
BounceDown,1504,32,00018E7B,0,1,1,4294967295,0,0
BounceDown,704,160,003BDED4,0,1,1,4294967295,0,0
BounceUp,704,352,0033696E,0,1,1,4294967295,0,0
BounceUp,5056,768,00340792,0,1,1,4294967295,0,0
BounceUp,5120,768,001E44FD,0,1,1,4294967295,0,0
BounceUp,5184,768,001E71BD,0,1,1,4294967295,0,0
BounceUp,5216,768,0016CCA4,0,1,1,4294967295,0,0
BounceUp,5248,768,00136535,0,1,1,4294967295,0,0
BounceUp,5280,768,00011ABB,0,1,1,4294967295,0,0
BounceUp,5312,768,0006B326,0,1,1,4294967295,0,0
BounceDown,5056,665,001888C2,0,1,1,4294967295,0,0
BounceDown,5120,665,002CBE11,0,1,1,4294967295,0,0
BounceDown,5184,640,002F2D6D,0,1,1,4294967295,0,0
BounceDown,5216,640,002A18FC,0,1,1,4294967295,0,0
BounceDown,5248,640,000B4AC8,0,1,1,4294967295,0,0
BounceDown,5280,640,0039CD7F,0,1,1,4294967295,0,0
BounceDown,5312,640,00045290,0,1,1,4294967295,0,0
BounceLeft,1536,96,002AC571,0,1,1,4294967295,0,0
BounceLeft,1536,64,002F0C68,0,1,1,4294967295,0,0
BounceLeft,1376,192,0007C29A,0,1,1,4294967295,0,1
BounceDown,5024,768,003F0172,0,1,1,4294967295,0,0
BounceUp,5024,960,0011FD48,0,1,1,4294967295,0,0
BounceRight,1696,512,000AA6B1,0,1,1,4294967295,0,0
BounceRight,1696,480,002A4EF0,0,1,1,4294967295,0,0
BounceRight,1696,544,00147421,0,1,1,4294967295,0,0
BounceRight,1696,448,0010D038,0,1,1,4294967295,0,0
BounceRight,1696,416,002E739A,0,1,1,4294967295,0,0
BounceRight,1696,384,0028F508,0,1,1,4294967295,0,0
BounceRight,1696,352,003CC06E,0,1,1,4294967295,0,0
BounceRight,1696,320,003746B2,0,1,1,4294967295,0,0
BounceRight,1696,288,00035769,0,1,1,4294967295,0,0
BounceRight,1696,256,00042151,0,1,1,4294967295,0,0
BounceRight,1696,224,001CB112,0,1,1,4294967295,0,0
BounceRight,1696,192,002113F9,0,1,1,4294967295,0,0
BounceRight,1696,160,002AB1B1,0,1,1,4294967295,0,0
BounceRight,1696,128,00339F6D,0,1,1,4294967295,0,0
BounceRight,1696,96,001CB4A9,0,1,1,4294967295,0,0
BounceRight,1696,64,00288B77,0,1,1,4294967295,0,0
BounceRight,1696,32,002FE5D1,0,1,1,4294967295,0,0
BounceLeft,2336,544,001561B7,0,1,1,4294967295,0,0
BounceLeft,2336,512,0035E2F2,0,1,1,4294967295,0,0
BounceLeft,2336,480,003A810B,0,1,1,4294967295,0,0
BounceLeft,2336,448,00301E8A,0,1,1,4294967295,0,0
BounceLeft,2336,416,001E2109,0,1,1,4294967295,0,0
BounceLeft,2336,384,003E7C38,0,1,1,4294967295,0,0
BounceLeft,2336,352,001C3501,0,1,1,4294967295,0,0
BounceLeft,2336,320,003A3F2A,0,1,1,4294967295,0,0
BounceLeft,2336,288,0005374E,0,1,1,4294967295,0,0
BounceLeft,2336,256,000FFFAD,0,1,1,4294967295,0,0
BounceLeft,2336,224,0013A12A,0,1,1,4294967295,0,0
BounceLeft,2336,192,002CD301,0,1,1,4294967295,0,0
BounceLeft,2336,160,0023E66C,0,1,1,4294967295,0,0
BounceLeft,2336,128,00191499,0,1,1,4294967295,0,0
BounceLeft,2336,96,00218A21,0,1,1,4294967295,0,0
BounceLeft,2336,64,000102CF,0,1,1,4294967295,0,0
BounceLeft,2336,32,00312FB0,0,1,1,4294967295,0,0
BounceUp,1728,576,002A6FBC,0,1,1,4294967295,0,0
BounceUp,1760,576,0037EBBD,0,1,1,4294967295,0,0
BounceUp,1792,576,003500B9,0,1,1,4294967295,0,0
BounceUp,1824,576,00225E2B,0,1,1,4294967295,0,0
BounceUp,1856,576,000408BE,0,1,1,4294967295,0,0
BounceUp,1888,576,00137235,0,1,1,4294967295,0,0
BounceUp,1920,576,00138307,0,1,1,4294967295,0,0
BounceUp,1952,576,002684B0,0,1,1,4294967295,0,0
BounceUp,1984,576,000B7485,0,1,1,4294967295,0,0
BounceUp,2016,576,000424E4,0,1,1,4294967295,0,0
BounceUp,2048,576,00095596,0,1,1,4294967295,0,0
BounceUp,2080,576,0020BBA6,0,1,1,4294967295,0,0
BounceUp,2112,576,003CD5F2,0,1,1,4294967295,0,0
BounceUp,2144,576,00231FB5,0,1,1,4294967295,0,0
BounceUp,2176,576,0020AF62,0,1,1,4294967295,0,0
BounceUp,2208,576,0035E21E,0,1,1,4294967295,0,0
BounceUp,2240,576,00389C31,0,1,1,4294967295,0,0
BounceUp,2272,576,0012B6EC,0,1,1,4294967295,0,0
BounceUp,2304,576,002F7D25,0,1,1,4294967295,0,0
BounceDown,2304,0,000E3C84,0,1,1,4294967295,0,0
BounceDown,2272,0,001CB3EF,0,1,1,4294967295,0,0
BounceDown,2240,0,00350C86,0,1,1,4294967295,0,0
BounceDown,1728,0,000DC500,0,1,1,4294967295,0,0
BounceDown,1760,0,00018642,0,1,1,4294967295,0,0
BounceDown,1792,0,0025ECDD,0,1,1,4294967295,0,0
BounceDown,1824,0,000F4EE3,0,1,1,4294967295,0,0
BounceDown,1856,0,003B968D,0,1,1,4294967295,0,0
BounceDown,1888,0,002BFEBC,0,1,1,4294967295,0,0
BounceDown,1920,0,0029C2FF,0,1,1,4294967295,0,0
BounceDown,1952,0,002BAD4C,0,1,1,4294967295,0,0
BounceDown,1984,0,002A68AB,0,1,1,4294967295,0,0
BounceDown,2016,0,000253C5,0,1,1,4294967295,0,0
BounceDown,2048,0,0008CD4E,0,1,1,4294967295,0,0
BounceDown,2080,0,000CB9D9,0,1,1,4294967295,0,0
BounceDown,2112,0,0037A571,0,1,1,4294967295,0,0
BounceDown,2144,0,00093EE4,0,1,1,4294967295,0,0
BounceDown,2176,0,00079FD4,0,1,1,4294967295,0,0
BounceDown,2208,0,0026174B,0,1,1,4294967295,0,0
block,256,288,00138688,0,1,8,4294967295,0,0
block,512,288,0021A779,0,1,3,4294967295,0,0
block,384,512,00156276,0,1,1,4294967295,0,0
block,448,512,000CB2FF,0,1,1,4294967295,0,0
block,512,512,00282178,0,1,1,4294967295,0,0
block,736,384,002F5C30,0,1,5,4294967295,0,0
block,704,352,0030D874,0,9,1,4294967295,0,0
block,704,64,00300055,0,1,3,4294967295,0,0
block,704,160,0029C51D,0,2,1,4294967295,0,0
block,736,192,00376776,0,1,1,4294967295,0,0
block,736,224,0020236B,0,2,1,4294967295,0,0
block,768,256,001E61F1,0,7,1,4294967295,0,0
block,960,384,002CFED7,0,1,1,4294967295,0,0
block,960,448,0034DC63,0,1,3,4294967295,0,0
block,960,64,000C13DE,0,1,6,4294967295,0,0
block,1056,64,00228149,0,1,7,4294967295,0,0
block,1536,64,00238732,0,1,5,4294967295,0,0
block,1536,224,00235105,0,4,1,4294967295,0,0
block,1536,256,000BFCB3,0,2,1,4294967295,0,0
block,1696,224,000A9B29,0,1,8,4294967295,0,0
block,1696,32,000435EB,0,1,5,4294967295,0,0
block,1632,384,0023D93F,0,1,4,4294967295,0,0
block,1536,352,00290B13,0,4,1,4294967295,0,0
block,1536,384,00103110,0,1,5,4294967295,0,0
block,1696,544,003773D6,0,1,1,4294967295,0,0
block,2336,480,001050FF,0,2,3,4294967295,0,0
block,2336,128,003D85C5,0,1,11,4294967295,0,0
block,2336,96,00396F4D,0,3,1,4294967295,0,0
block,2400,32,0012A8C1,0,1,1,4294967295,0,0
block,2400,128,0036D420,0,1,11,4294967295,0,0
block,2432,576,000C937C,0,24,1,4294967295,0,0
block,3168,32,000D9AB8,0,1,17,4294967295,0,0
block,1152,128,001C80EC,0,8,1,4294967295,0,0
block,1376,160,003DB6DC,0,1,9,4294967295,0,0
block,-32,64,0014FB6C,0,1,11,4294967295,0,0
block,2400,736,002AACCD,0,1,4,4294967295,0,0
block,2400,864,0009F808,0,7,1,4294967295,0,0
block,2400,992,000BE86B,0,1,2,4294967295,0,0
block,2859,1037,0032332A,0,1,2,4294967295,0,0
block,2976,896,002CE7EF,0,1,5,4294967295,0,0
block,2976,864,00332FF8,0,2,1,4294967295,0,0
block,2976,640,000E5939,0,1,7,4294967295,0,0
block,3040,960,000C516E,0,2,1,4294967295,0,0
block,3136,736,002DC360,0,1,13,4294967295,0,0
block,3136,704,000DB2DC,0,3,1,4294967295,0,0
block,3200,736,00358E47,0,1,13,4294967295,0,0
block,2432,608,000B6AC8,0,47,1,4294967295,0,0
block,2464,640,002EFCF0,0,1,1,4294967295,0,0
block,2752,640,001AF716,0,1,3,4294967295,0,0
block,3904,640,0011705D,0,1,9,4294967295,0,0
block,3904,928,001A8FEB,0,3,1,4294967295,0,0
block,3968,608,0019BB33,0,1,10,4294967295,0,0
block,3904,1056,003841FD,0,6,1,4294967295,0,0
block,3904,1088,003CCB55,0,1,2,4294967295,0,0
block,4192,1056,0031DD5A,0,3,1,4294967295,0,0
block,4352,1056,0002D0BA,0,1,1,4294967295,0,0
block,4448,1056,00351CC4,0,2,1,4294967295,0,0
block,4576,1056,001C28E9,0,1,1,4294967295,0,0
block,4704,1056,003228B1,0,5,1,4294967295,0,0
block,4832,1088,003A305B,0,1,1,4294967295,0,0
block,5536,800,000974B2,0,1,10,4294967295,0,0
block,5504,768,0006AF09,0,2,1,4294967295,0,0
block,4960,768,0002DBA8,0,13,1,4294967295,0,0
block,4832,960,003C5B57,0,8,1,4294967295,0,0
block,4704,960,00226DE7,0,1,1,4294967295,0,0
block,4704,928,001391B9,0,5,1,4294967295,0,0
block,4704,800,00176CD2,0,1,4,4294967295,0,0
block,4832,704,00359CD6,0,1,7,4294967295,0,0
block,5344,672,003FC0E0,0,4,1,4294967295,0,0
block,5440,640,0039663A,0,1,1,4294967295,0,0
block,5568,640,0010B7A9,0,1,3,4294967295,0,0
block,5504,736,001F8931,0,3,1,4294967295,0,0
block,5312,960,003CB9A0,0,5,1,4294967295,0,0
block,4672,768,00362263,0,2,1,4294967295,0,0
block,4672,608,003C82A9,0,1,5,4294967295,0,0
block,4096,1472,00159BB1,0,9,1,4294967295,0,0
block,4096,1408,00074EBF,0,9,1,4294967295,0,0
block,4544,1536,00137FFC,0,6,1,4294967295,0,0
block,4704,1568,003BE503,0,4,1,4294967295,0,0
block,4704,1728,001D8BD1,0,4,1,4294967295,0,0
block,4704,1760,0012179D,0,1,3,4294967295,0,0
block,4704,1088,00370E33,0,1,14,4294967295,0,0
block,4416,1248,0031C6BA,0,1,1,4294967295,0,0
block,4416,1312,0033E346,0,1,1,4294967295,0,0
block,4416,1376,0037B5F7,0,1,1,4294967295,0,0
block,4416,1440,00398D72,0,1,1,4294967295,0,0
block,4416,1504,000E2EA0,0,1,1,4294967295,0,0
block,0,512,0028D83C,0,2,1,4294967295,0,0
block,2368,608,002329A7,0,1,3,4294967295,0,0
blockTrapDestructible,2400,480,002C50C8,0,1,1,4294967295,0,0
blockTrapDestructible,2400,512,001E1D5D,0,1,1,4294967295,0,0
blockTrapDestructible,2400,544,001F4ECC,0,1,1,4294967295,0,0
blockTrapDestructible,2400,576,003F6132,0,1,1,4294967295,0,0
block,-32,480,00311F8F,0,2,1,4294967295,0,0
block,2368,1088,00296A4E,0,1,2,4294967295,0,0
block,4352,1440,0022FB58,0,1,1,4294967295,0,0
block,4096,1440,00246B19,0,1,1,4294967295,0,0
block,4032,1440,002CF759,0,1,1,4294967295,0,0
block,3968,1216,0016EE1A,0,1,1,4294967295,0,0
block,3968,1280,000031FB,0,1,12,4294967295,0,0
block,3904,1696,00051A7F,0,3,1,4294967295,0,0
block,3968,1728,003F3ADE,0,1,4,4294967295,0,0
block,3888,1664,0025FE4F,0,1,1,4294967295,0,0
block,-32,32,003E48B7,0,24,1,4294967295,0,0
block,960,32,001C24B1,0,19,1,4294967295,0,0
block,960,416,0022561C,0,2,1,4294967295,0,0
block,32,544,000A0A3A,0,23,1,4294967295,0,0
block,960,544,0019F953,0,19,1,4294967295,0,0
block,1632,512,00263B00,0,3,1,4294967295,0,0
block,1696,576,002927A0,0,22,1,4294967295,0,0
block,1632,192,00134718,0,3,1,4294967295,0,0
block,1696,0,00151285,0,47,1,4294967295,0,0
block,2368,704,000DAA57,0,2,1,4294967295,0,0
block,2464,896,001EDAA1,0,2,1,4294967295,0,0
block,2432,928,003F65E1,0,2,1,4294967295,0,0
block,2400,960,001998DE,0,2,1,4294967295,0,0
block,2368,1056,0019320B,0,2,1,4294967295,0,0
block,2368,1152,003C54D1,0,25,1,4294967295,0,0
block,3200,1152,003E1979,0,22,1,4294967295,0,0
block,3968,576,0016980C,0,23,1,4294967295,0,0
block,3872,1184,003666A4,0,4,1,4294967295,0,0
block,4832,1120,0002F01E,0,23,1,4294967295,0,0
block,5440,608,00402029,0,5,1,4294967295,0,0
block,5152,640,00042EF8,0,7,1,4294967295,0,0
block,4832,672,002D38A0,0,11,1,4294967295,0,0
block,3872,1632,0014AD5D,0,1,1,4294967295,0,0
block,3200,1632,000E238A,0,4,1,4294967295,0,0
block,3296,1664,0036A172,0,19,1,4294967295,0,0
block,3200,1280,000A5C13,0,1,11,4294967295,0,0
block,3200,1248,001B67C7,0,4,1,4294967295,0,0
block,3296,1216,000C4CE7,0,19,1,4294967295,0,0
block,3872,1248,000BA46F,0,4,1,4294967295,0,0
WalljumpR,256,512,0012C9FB,0,1,1,4294967295,0,0
WalljumpR,256,480,0023C442,0,1,1,4294967295,0,0
WalljumpR,256,448,0003D860,0,1,1,4294967295,0,0
WalljumpR,256,416,0016166C,0,1,1,4294967295,0,0
WalljumpR,256,384,000719B4,0,1,1,4294967295,0,0
WalljumpR,256,352,00205F4B,0,1,1,4294967295,0,0
WalljumpR,256,320,0027554F,0,1,1,4294967295,0,0
WalljumpR,256,288,0036FE10,0,1,1,4294967295,0,0
WalljumpR,2336,480,00324167,0,1,1,4294967295,0,0
WalljumpR,2336,448,000C5B22,0,1,1,4294967295,0,0
WalljumpR,2336,416,00250B0D,0,1,1,4294967295,0,0
WalljumpR,2336,384,00264853,0,1,1,4294967295,0,0
WalljumpR,2336,352,00288826,0,1,1,4294967295,0,0
WalljumpR,2336,320,003E2023,0,1,1,4294967295,0,0
WalljumpR,2336,288,0002A3E6,0,1,1,4294967295,0,0
WalljumpR,2336,256,0025DE9D,0,1,1,4294967295,0,0
WalljumpR,2336,224,001D62D6,0,1,1,4294967295,0,0
WalljumpR,2336,192,003CDD1E,0,1,1,4294967295,0,0
WalljumpR,2336,160,003CF2DB,0,1,1,4294967295,0,0
WalljumpR,2336,128,003FDF2F,0,1,1,4294967295,0,0
WalljumpR,2336,96,00027C4F,0,1,1,4294967295,0,0
WalljumpL,1056,256,002E2E25,0,1,1,4294967295,0,0
WalljumpL,1056,224,001E6407,0,1,1,4294967295,0,0
WalljumpL,1056,192,002BF667,0,1,1,4294967295,0,0
WalljumpL,1056,160,001FB1D8,0,1,1,4294967295,0,0
WalljumpL,1056,128,0015E529,0,1,1,4294967295,0,0
WalljumpL,1056,96,00009BCD,0,1,1,4294967295,0,0
WalljumpL,1056,64,0037E916,0,1,1,4294967295,0,0
WalljumpR,1376,384,0033BD19,0,1,1,4294967295,0,0
WalljumpR,1376,352,000A7371,0,1,1,4294967295,0,0
WalljumpR,1376,320,000BFC71,0,1,1,4294967295,0,0
WalljumpR,1376,192,0036FB7F,0,1,1,4294967295,0,0
WalljumpR,1376,160,0003C736,0,1,1,4294967295,0,0
WalljumpL,4832,736,000B7A62,0,1,1,4294967295,0,0
WalljumpL,4832,768,00254CA4,0,1,1,4294967295,0,0
WalljumpL,4832,800,00133A60,0,1,1,4294967295,0,0
WalljumpL,4832,832,000B7020,0,1,1,4294967295,0,0
WalljumpL,4832,864,003A5994,0,1,1,4294967295,0,0
yellowallR,1376,288,00035A9D,0,1,1,4294967295,0,0
yellowallR,1376,256,0025942D,0,1,1,4294967295,0,0
yellowallR,1376,224,000DC847,0,1,1,4294967295,0,0
yellowallL,512,288,00021CD6,0,1,1,4294967295,0,0
yellowallL,512,320,00387F40,0,1,1,4294967295,0,0
yellowallL,512,352,000A5209,0,1,1,4294967295,0,0
yellowallR,5536,896,001F5C47,0,1,1,4294967295,0,0
yellowallR,5536,928,00122039,0,1,1,4294967295,0,0
yellowallR,5536,960,00065CB8,0,1,1,4294967295,0,0
Sinistar,2032,192,003DBAF3,0,1,1,4294967295,0,0
cameraHard,160,160,0007B72D,0,1,1,4294967295,0,0
secret6,5537,703,00127FC8,0,1,1,4294967295,0,0
movingPlatform,5156,948,002FFED7,0,1,1,4294967295,0,1
movingPlatform,5192,948,0010B31A,0,1,1,4294967295,0,1
Fire,992,512,0030F09E,0,1,1,4294967295,0,0
Fire,1024,512,001A47D5,0,1,1,4294967295,0,0
Fire,1056,512,003994A2,0,1,1,4294967295,0,0
Fire,1088,512,002578F5,0,1,1,4294967295,0,0
Fire,1120,512,0023CF46,0,1,1,4294967295,0,0
Fire,1152,512,003005DF,0,1,1,4294967295,0,0
Fire,1184,512,002C02EF,0,1,1,4294967295,0,0
Fire,1216,512,002119AD,0,1,1,4294967295,0,0
Fire,1248,512,0029BDF8,0,1,1,4294967295,0,0
Fire,1280,512,003661EA,0,1,1,4294967295,0,0
Fire,1312,512,002FDEBC,0,1,1,4294967295,0,0
Fire,1344,512,00222A04,0,1,1,4294967295,0,0
Fire,1376,512,00310233,0,1,1,4294967295,0,0
Fire,1408,512,0033AD52,0,1,1,4294967295,0,0
Fire,1440,512,002D3CE6,0,1,1,4294967295,0,0
Fire,1504,512,000D2500,0,1,1,4294967295,0,0
LuBooHoo,1144,246,002AE823,0,1,1,4294967295,0,0
movingPlatform,3928,1160,00328ED7,0,1,1,4294967295,0,1
FallingFort,3968,1152,002C28C2,0,1,1,4294967295,0,0
FallingFort,4096,1056,00193FFA,0,1,1,4294967295,0,0
FallingFort,4128,1056,0024F1BC,0,1,1,4294967295,0,0
FallingFort,4160,1056,000B246C,0,1,1,4294967295,0,0
FallingFort,4288,1056,003F6769,0,1,1,4294967295,0,0
FallingFort,4320,1056,0011DD1C,0,1,1,4294967295,0,0
FallingFort,4384,1056,00301E26,0,1,1,4294967295,0,0
FallingFort,4416,1056,0034DC43,0,1,1,4294967295,0,0
FallingSpike10frame,4864,704,0014A606,0,1,1,4294967295,0,0
FallingSpike10frame,4896,704,0016B8B0,0,1,1,4294967295,0,0
FallingSpike10frame,4928,704,003970B7,0,1,1,4294967295,0,0
LongForm,3928,1676,000C065D,0,1,1,4294967295,0,0
FallingFort,4032,1664,00173919,0,1,1,4294967295,0,0
FallingFort,4224,1664,002ED681,0,1,1,4294967295,0,0
FallingFort,4416,1664,0006F09B,0,1,1,4294967295,0,0
FallingFort,2528,1088,00116573,0,1,1,4294967295,0,0
LongForm,2420,1116,001BEC0B,0,1,1,4294967295,0,0
movingPlatform,5024,1088,0016C15A,0,1,1,4294967295,0,1
Eggplant,5056,704,001CFB93,0,1,1,4294967295,0,0
Eggplant,5120,736,0029D9F3,0,1,1,4294967295,0,0
Eggplant,5184,672,0025F7E1,0,1,1,4294967295,0,0
Eggplant,5246,672,0001E9B0,0,1,1,4294967295,0,0
Eggplant,5312,672,001B1578,0,1,1,4294967295,0,0
Eggplant,5282,672,0004025C,0,1,1,4294967295,0,0
Eggplant,5216,672,001C9B3A,0,1,1,4294967295,0,0
Eggplant,5024,864,0013A613,0,1,1,4294967295,0,0
FallingFort,5376,768,003984D0,0,1,1,4294967295,0,0
FallingFort,5408,768,00110FB7,0,1,1,4294967295,0,0
FallingFort,5440,768,001E31FC,0,1,1,4294967295,0,0
FallingFort,5472,768,00289D4F,0,1,1,4294967295,0,0
ArkaBrick,1760,96,00143D1A,0,1,1,4294967295,0,0
ArkaBrick,1824,96,000C70EC,0,1,1,4294967295,0,0
ArkaBrick,1888,96,002A609C,0,1,1,4294967295,0,0
ArkaBrick,1952,96,0017C5E6,0,1,1,4294967295,0,0
ArkaBrick,2016,96,000BFB9B,0,1,1,4294967295,0,0
ArkaBrick,2080,96,0026FF65,0,1,1,4294967295,0,0
ArkaBrick,2144,96,002F7E13,0,1,1,4294967295,0,0
ArkaBrick,2208,96,0021A927,0,1,1,4294967295,0,0
ArkaBrick,2272,96,000ACA89,0,1,1,4294967295,0,0
ArkaBrick,2272,160,002F7DB7,0,1,1,4294967295,0,0
ArkaBrick,2272,224,0015CB61,0,1,1,4294967295,0,0
ArkaBrick,1728,128,00134397,0,1,1,4294967295,0,0
ArkaBrick,1792,128,0013D46F,0,1,1,4294967295,0,0
ArkaBrick,1856,128,002B40E2,0,1,1,4294967295,0,0
ArkaBrick,1920,128,0033F075,0,1,1,4294967295,0,0
ArkaBrick,1984,128,0036F8A2,0,1,1,4294967295,0,0
ArkaBrick,2048,128,000EAC63,0,1,1,4294967295,0,0
ArkaBrick,2112,128,001B7DDE,0,1,1,4294967295,0,0
ArkaBrick,2176,128,00257B65,0,1,1,4294967295,0,0
ArkaBrick,2240,128,00364A58,0,1,1,4294967295,0,0
ArkaBrick,1760,160,001274D5,0,1,1,4294967295,0,0
ArkaBrick,1824,160,003FB2AB,0,1,1,4294967295,0,0
ArkaBrick,1888,160,0012E943,0,1,1,4294967295,0,0
ArkaBrick,1952,160,00280DC9,0,1,1,4294967295,0,0
ArkaBrick,2016,160,000293D1,0,1,1,4294967295,0,0
ArkaBrick,2080,160,003257CB,0,1,1,4294967295,0,0
ArkaBrick,2144,160,00014C73,0,1,1,4294967295,0,0
ArkaBrick,2208,160,000DF079,0,1,1,4294967295,0,0
ArkaBrick,1728,192,0021CA0D,0,1,1,4294967295,0,0
ArkaBrick,1792,192,00126B1D,0,1,1,4294967295,0,0
ArkaBrick,1856,192,0017D533,0,1,1,4294967295,0,0
ArkaBrick,1920,192,001AEDFC,0,1,1,4294967295,0,0
ArkaBrick,1984,192,000BD148,0,1,1,4294967295,0,0
ArkaBrick,2048,192,0034E748,0,1,1,4294967295,0,0
ArkaBrick,2112,192,001440FA,0,1,1,4294967295,0,0
ArkaBrick,2176,192,0027EB7C,0,1,1,4294967295,0,0
ArkaBrick,2240,192,001D005E,0,1,1,4294967295,0,0
ArkaBrick,1760,224,002E0F92,0,1,1,4294967295,0,0
ArkaBrick,1824,224,003BC21E,0,1,1,4294967295,0,0
ArkaBrick,1888,224,000F64FA,0,1,1,4294967295,0,0
ArkaBrick,1952,224,001528F1,0,1,1,4294967295,0,0
ArkaBrick,2016,224,0014C781,0,1,1,4294967295,0,0
ArkaBrick,2080,224,001F4AC0,0,1,1,4294967295,0,0
ArkaBrick,2144,224,00365D02,0,1,1,4294967295,0,0
ArkaBrick,2208,224,001E6F81,0,1,1,4294967295,0,0
ArkaBrick,1728,256,002AAFD5,0,1,1,4294967295,0,0
ArkaBrick,1792,256,0023BD2E,0,1,1,4294967295,0,0
ArkaBrick,1856,256,00172374,0,1,1,4294967295,0,0
ArkaBrick,1920,256,00269489,0,1,1,4294967295,0,0
ArkaBrick,1984,256,00296E38,0,1,1,4294967295,0,0
ArkaBrick,2048,256,00028B53,0,1,1,4294967295,0,0
ArkaBrick,2112,256,003B0070,0,1,1,4294967295,0,0
ArkaBrick,2176,256,00107EB8,0,1,1,4294967295,0,0
ArkaBrick,2240,256,0006263B,0,1,1,4294967295,0,0
ArkaBrick,1760,288,0014425B,0,1,1,4294967295,0,0
ArkaBrick,1824,288,001152C3,0,1,1,4294967295,0,0
ArkaBrick,1888,288,00104497,0,1,1,4294967295,0,0
ArkaBrick,1952,288,0007C132,0,1,1,4294967295,0,0
ArkaBrick,2016,288,003A3F57,0,1,1,4294967295,0,0
ArkaBrick,2080,288,0034AEF7,0,1,1,4294967295,0,0
ArkaBrick,2144,288,0013765B,0,1,1,4294967295,0,0
ArkaBrick,2208,288,001EF1DD,0,1,1,4294967295,0,0
ArkaBrick,2272,288,0016A8A8,0,1,1,4294967295,0,0
ArkaPlatform,1776,480,002B0422,0,1,1,4294967295,0,0
ArkaBall,1769,428,002AD6C7,0,1,1,4294967295,0,0
ArkaBrickShort,1728,512,0000A0DB,0,1,1,4294967295,0,0
ArkaBrickShort,1760,512,000D173C,0,1,1,4294967295,0,0
ArkaBrickShort,1792,512,00112FBB,0,1,1,4294967295,0,0
ArkaBrickShort,1824,512,003690BE,0,1,1,4294967295,0,0
ArkaBrickShort,1856,512,0011D2C4,0,1,1,4294967295,0,0
ArkaBrickShort,1888,512,00139FAD,0,1,1,4294967295,0,0
ArkaBrickShort,1920,512,00223DF4,0,1,1,4294967295,0,0
ArkaBrickShort,1952,512,0029652D,0,1,1,4294967295,0,0
ArkaBrickShort,1984,512,000086A3,0,1,1,4294967295,0,0
ArkaBrickShort,2016,512,00338CD4,0,1,1,4294967295,0,0
ArkaBrickShort,2048,512,00239BE2,0,1,1,4294967295,0,0
ArkaBrickShort,2080,512,0004D9CB,0,1,1,4294967295,0,0
ArkaBrickShort,2112,512,003E5B3E,0,1,1,4294967295,0,0
ArkaBrickShort,2144,512,0021E760,0,1,1,4294967295,0,0
ArkaBrickShort,2176,512,000EBBAA,0,1,1,4294967295,0,0
ArkaBrickShort,2208,512,0001E975,0,1,1,4294967295,0,0
ArkaBrickShort,2240,512,0014F9DA,0,1,1,4294967295,0,0
ArkaBrickShort,2272,512,002D4A17,0,1,1,4294967295,0,0
ArkaBrickShort,2304,512,001D18F2,0,1,1,4294967295,0,0
BouncyFruit,1065,204,00286283,0,1,1,4294967295,0,0
BouncyFruit,1065,84,002C059A,0,1,1,4294967295,0,0
BouncyFruit,1545,113,00082362,0,1,1,4294967295,0,0
BouncyFruit,713,300,002D935C,0,1,1,4294967295,0,0
BouncyFruit,1417,76,0028DF5D,0,1,1,4294967295,0,0
BouncyFruit,1481,332,00150E12,0,1,1,4294967295,0,0
BouncyFruit,1449,204,000F8CCF,0,1,1,4294967295,0,0
BouncyFruit,1513,492,000BD534,0,1,1,4294967295,0,0
Fire,1472,512,001D0FEB,0,1,1,4294967295,0,0
FallingFort,2464,704,0016CE75,0,1,1,4294967295,0,0
FallingFort,2496,704,00344EF1,0,1,1,4294967295,0,0
FallingFort,2688,704,00305083,0,1,1,4294967295,0,0
FallingFort,2720,704,001F07D6,0,1,1,4294967295,0,0
movingPlatform,3008,1024,002EE0F3,0,1,1,4294967295,0,1
movingPlatform,3008,800,0004F79F,0,1,1,4294967295,0,1
movingPlatform,3008,928,001CA21C,0,1,1,4294967295,0,1
warp,-32,416,003C4309,0,1,1,4294967295,0,1
FireShortPermanent,4096,1376,001D2A7F,0,1,1,4294967295,0,0
FireShortPermanent,4128,1376,00245696,0,1,1,4294967295,0,0
FireShortPermanent,4160,1376,0011C14B,0,1,1,4294967295,0,0
FireShortPermanent,4192,1376,00169EBC,0,1,1,4294967295,0,0
FireShortPermanent,4224,1376,00179233,0,1,1,4294967295,0,0
FireShortPermanent,4256,1376,00019D53,0,1,1,4294967295,0,0
FireShortPermanent,4288,1376,00204B7D,0,1,1,4294967295,0,0
FireShortPermanent,4320,1376,001863FB,0,1,1,4294967295,0,0
FireShortPermanent,4352,1376,0012B3EC,0,1,1,4294967295,0,0
FireSometimesPermanent,4000,1792,00064844,0,1,1,4294967295,0,0
FireSometimesPermanent,4032,1792,002DF153,0,1,1,4294967295,0,0
FireSometimesPermanent,4064,1792,002159BC,0,1,1,4294967295,0,0
FireSometimesPermanent,4096,1792,002BD5C5,0,1,1,4294967295,0,0
FireSometimesPermanent,4128,1792,001611FA,0,1,1,4294967295,0,0
FireSometimesPermanent,4160,1792,00302768,0,1,1,4294967295,0,0
FireSometimesPermanent,4192,1792,0037D74E,0,1,1,4294967295,0,0
FireSometimesPermanent,4224,1792,0009F0E4,0,1,1,4294967295,0,0
FireSometimesPermanent,4256,1792,001CC277,0,1,1,4294967295,0,0
FireSometimesPermanent,4288,1792,00260F64,0,1,1,4294967295,0,0
FireSometimesPermanent,4320,1792,003340EF,0,1,1,4294967295,0,0
FireSometimesPermanent,4352,1792,0037E699,0,1,1,4294967295,0,0
FireSometimesPermanent,4384,1792,00399A90,0,1,1,4294967295,0,0
FireSometimesPermanent,4416,1792,0031FEB4,0,1,1,4294967295,0,0
FireSometimesPermanent,4448,1792,00136B3D,0,1,1,4294967295,0,0
FireSometimesPermanent,4480,1792,0026FBC1,0,1,1,4294967295,0,0
FireSometimesPermanent,4512,1792,001356EF,0,1,1,4294967295,0,0
FireSometimesPermanent,4544,1792,002BC59A,0,1,1,4294967295,0,0
FireSometimesPermanent,4576,1792,00266AAB,0,1,1,4294967295,0,0
FireSometimesPermanent,4608,1792,00394CA2,0,1,1,4294967295,0,0
FireSometimesPermanent,4640,1792,0013C3D9,0,1,1,4294967295,0,0
FireSometimesPermanent,4672,1792,0016B32A,0,1,1,4294967295,0,0
warp,4800,1600,003384E5,0,1,1,4294967295,0,1
movingPlatform,704,483,00174C44,0,1,1,4294967295,0,1
GradiusBugz,3456,480,0006FAC4,0,1,1,4294967295,0,0
GradiusBugz,3552,480,00217829,0,1,1,4294967295,0,0
GradiusBugz,3648,480,00073BFC,0,1,1,4294967295,0,0
GradiusBugz,3744,480,0026916C,0,1,1,4294967295,0,0
GradiusBugz,3840,480,00124CB4,0,1,1,4294967295,0,0
GradiusBugz,4096,224,000EB124,0,1,1,4294967295,0,0
GradiusBugz,4192,224,000DF9E8,0,1,1,4294967295,0,0
GradiusBugz,4288,224,0006213F,0,1,1,4294967295,0,0
GradiusBugz,4384,224,00157827,0,1,1,4294967295,0,0
GradiusBugz,4480,224,003B8E5B,0,1,1,4294967295,0,0
GradiusBugz,4352,480,003A6565,0,1,1,4294967295,0,0
GradiusBugz,4448,480,0011EA5D,0,1,1,4294967295,0,0
GradiusBugz,4544,480,00202317,0,1,1,4294967295,0,0
GradiusBugz,4640,480,0002DA31,0,1,1,4294967295,0,0
GradiusBugz,4736,480,00098590,0,1,1,4294967295,0,0
GradiusBugz,5856,320,00320C11,0,1,1,4294967295,0,0
GradiusBugz,5856,384,00309936,0,1,1,4294967295,0,0
GradiusBugz,5952,384,0016BB49,0,1,1,4294967295,0,0
GradiusBugz,5952,320,00041EB1,0,1,1,4294967295,0,0
GradiusBugz,6048,320,001582BC,0,1,1,4294967295,0,0
GradiusBugz,6048,384,0003AD3F,0,1,1,4294967295,0,0
GradiusBugz,6144,384,002A8C69,0,1,1,4294967295,0,0
GradiusBugz,6144,320,00272AB6,0,1,1,4294967295,0,0
GradiusBugz,6240,320,00024AF6,0,1,1,4294967295,0,0
GradiusBugz,6240,384,000DF5F0,0,1,1,4294967295,0,0
GradiusDrones,5280,416,0028F95D,0,1,1,4294967295,0,0
GradiusDrones,5280,288,0038061A,0,1,1,4294967295,0,0
GradiusDrones,5472,352,0033B844,0,1,1,4294967295,0,0
GradiusDrones,5472,480,00015EFB,0,1,1,4294967295,0,0
GradiusDrones,5472,224,00341204,0,1,1,4294967295,0,0
GradiusDrones,5280,160,0011246A,0,1,1,4294967295,0,0
GradiusDrones,5280,32,00137225,0,1,1,4294967295,0,0
GradiusDrones,5472,96,001BE559,0,1,1,4294967295,0,0
GradiusBoss,6592,352,0002F84D,0,1,1,4294967295,0,0
VicViper,2592,312,00066F3C,0,1,1,4294967295,0,0
GradiusMarker,2848,32,002B4A48,0,1,1,4294967295,0,1
movingPlatform,992,448,0000A559,0,1,1,4294967295,0,1
FallingFort,2432,832,0002D578,0,1,1,4294967295,0,0
FallingFort,2464,832,000ED603,0,1,1,4294967295,0,0
FallingFort,2496,832,00338C80,0,1,1,4294967295,0,0
FallingFort,2528,832,0037EDF8,0,1,1,4294967295,0,0
FallingFort,2560,832,00298D13,0,1,1,4294967295,0,0
FallingFort,2592,832,0034DA94,0,1,1,4294967295,0,0
FallingFort,2624,832,00005273,0,1,1,4294967295,0,0
WallCrack,3904,1088,003684F4,0,1,1,4294967295,0,0
playerStart,0,448,00011CA3,0,1,1,4294967295,0,0
FireGlow,800,320,001AA5F8,0,1,1,4294967295,0,0
blockKill,4000,1824,0015435E,0,22,1,4294967295,0,0
trigger,3584,992,00350E9D,0,1,1,4294967295,0,1
trigger,5088,976,002D30E6,0,1,1,4294967295,0,1
trigger,4864,704,003D3554,0,1,1,4294967295,0,1
trigger,4896,704,0017E4E4,0,1,1,4294967295,0,1
trigger,4928,704,003BBC7B,0,1,1,4294967295,0,1
trigger,5088,960,000EA4F9,0,1,1,4294967295,0,1
trigger,784,288,0024E727,0,1,1,4294967295,0,1
trigger,496,256,001529AC,0,1,1,4294967295,0,1
trigger,688,320,001006BC,0,1,1,4294967295,0,1
trigger,544,288,003D130F,0,1,1,4294967295,0,1
trigger,544,448,000638F3,0,1,1,4294967295,0,1
