tileMaster,1312,2752,416,320,32,64,0,1,1,4294967295
tileMaster,1344,2752,416,320,32,64,0,1,1,4294967295
tileMaster,1312,2816,416,320,32,64,0,1,1,4294967295
tileMaster,1344,2816,416,320,32,64,0,1,1,4294967295
tileMaster,1312,2880,416,320,32,64,0,1,1,4294967295
tileMaster,1344,2880,416,320,32,64,0,1,1,4294967295
tileMaster,1312,2944,416,320,32,64,0,1,1,4294967295
tileMaster,1344,2944,416,320,32,64,0,1,1,4294967295
tileMaster,1504,2944,416,320,32,64,0,1,1,4294967295
tileMaster,1536,2944,416,320,32,64,0,1,1,4294967295
tileMaster,1504,2880,416,320,32,64,0,1,1,4294967295
tileMaster,1536,2880,416,320,32,64,0,1,1,4294967295
tileMaster,1504,2816,416,320,32,64,0,1,1,4294967295
tileMaster,1536,2816,416,320,32,64,0,1,1,4294967295
tileMaster,1504,2752,416,320,32,64,0,1,1,4294967295
tileMaster,1536,2752,416,320,32,64,0,1,1,4294967295
tileMaster,1280,2784,416,384,32,32,0,1,1,4294967295
tileMaster,1280,2816,416,384,32,32,0,1,1,4294967295
tileMaster,1280,2848,416,384,32,32,0,1,1,4294967295
tileMaster,1280,2880,416,384,32,32,0,1,1,4294967295
tileMaster,1280,2912,416,384,32,32,0,1,1,4294967295
tileMaster,1280,2944,416,384,32,32,0,1,1,4294967295
tileMaster,1280,2976,416,384,32,32,0,1,1,4294967295
tileMaster,1376,2976,416,384,32,32,0,1,1,4294967295
tileMaster,1376,2944,416,384,32,32,0,1,1,4294967295
tileMaster,1376,2912,416,384,32,32,0,1,1,4294967295
tileMaster,1376,2880,416,384,32,32,0,1,1,4294967295
tileMaster,1376,2848,416,384,32,32,0,1,1,4294967295
tileMaster,1376,2816,416,384,32,32,0,1,1,4294967295
tileMaster,1376,2784,416,384,32,32,0,1,1,4294967295
tileMaster,1408,2784,416,384,32,32,0,1,1,4294967295
tileMaster,1440,2784,416,384,32,32,0,1,1,4294967295
tileMaster,1472,2784,416,384,32,32,0,1,1,4294967295
tileMaster,1472,2816,416,384,32,32,0,1,1,4294967295
tileMaster,1472,2848,416,384,32,32,0,1,1,4294967295
tileMaster,1472,2880,416,384,32,32,0,1,1,4294967295
tileMaster,1472,2912,416,384,32,32,0,1,1,4294967295
tileMaster,1472,2944,416,384,32,32,0,1,1,4294967295
tileMaster,1472,2976,416,384,32,32,0,1,1,4294967295
tileMaster,1440,2976,416,384,32,32,0,1,1,4294967295
tileMaster,1408,2976,416,384,32,32,0,1,1,4294967295
tileMaster,1408,2944,416,384,32,32,0,1,1,4294967295
tileMaster,1408,2912,416,384,32,32,0,1,1,4294967295
tileMaster,1408,2880,416,384,32,32,0,1,1,4294967295
tileMaster,1408,2848,416,384,32,32,0,1,1,4294967295
tileMaster,1408,2816,416,384,32,32,0,1,1,4294967295
tileMaster,1440,2816,416,384,32,32,0,1,1,4294967295
tileMaster,1440,2848,416,384,32,32,0,1,1,4294967295
tileMaster,1440,2880,416,384,32,32,0,1,1,4294967295
tileMaster,1440,2912,416,384,32,32,0,1,1,4294967295
tileMaster,1440,2944,416,384,32,32,0,1,1,4294967295
tileMaster,1568,2976,416,384,32,32,0,1,1,4294967295
tileMaster,1568,2944,416,384,32,32,0,1,1,4294967295
tileMaster,1568,2912,416,384,32,32,0,1,1,4294967295
tileMaster,1568,2880,416,384,32,32,0,1,1,4294967295
tileMaster,1568,2848,416,384,32,32,0,1,1,4294967295
tileMaster,1568,2816,416,384,32,32,0,1,1,4294967295
tileMaster,1568,2784,416,384,32,32,0,1,1,4294967295
tileMaster,1280,3552,416,384,32,32,0,1,1,4294967295
tileMaster,1376,3552,416,384,32,32,0,1,1,4294967295
tileMaster,1408,3552,416,384,32,32,0,1,1,4294967295
tileMaster,1440,3552,416,384,32,32,0,1,1,4294967295
tileMaster,1472,3552,416,384,32,32,0,1,1,4294967295
tileMaster,1568,3552,416,384,32,32,0,1,1,4294967295
tileMaster,1312,3552,416,320,32,64,0,1,1,4294967295
tileMaster,1344,3552,416,320,32,64,0,1,1,4294967295
tileMaster,1504,3552,416,320,32,64,0,1,1,4294967295
tileMaster,1536,3552,416,320,32,64,0,1,1,4294967295
tileMaster,1472,2112,0,352,32,32,0,1,1,4294967295
tileMaster,2112,3520,192,288,32,64,0,1,1,4294967295
tileMaster,2080,3520,192,288,32,64,0,1,1,4294967295
tileMaster,2080,3456,192,288,32,64,0,1,1,4294967295
tileMaster,2112,3456,192,288,32,64,0,1,1,4294967295
tileMaster,2080,3392,192,288,32,64,0,1,1,4294967295
tileMaster,2112,3392,192,288,32,64,0,1,1,4294967295
tileMaster,2080,3328,192,288,32,64,0,1,1,4294967295
tileMaster,2112,3328,192,288,32,64,0,1,1,4294967295
tileMaster,2080,3264,192,288,32,64,0,1,1,4294967295
tileMaster,2112,3264,192,288,32,64,0,1,1,4294967295
tileMaster,2080,3136,192,288,32,64,0,1,1,4294967295
tileMaster,2112,3136,192,288,32,64,0,1,1,4294967295
tileMaster,2080,3072,192,288,32,64,0,1,1,4294967295
tileMaster,2112,3072,192,288,32,64,0,1,1,4294967295
tileMaster,1888,3072,192,288,32,64,0,1,1,4294967295
tileMaster,1888,3136,192,288,32,64,0,1,1,4294967295
tileMaster,1888,3200,192,288,32,64,0,1,1,4294967295
tileMaster,1888,3264,192,288,32,64,0,1,1,4294967295
tileMaster,1888,3328,192,288,32,64,0,1,1,4294967295
tileMaster,1888,3392,192,288,32,64,0,1,1,4294967295
tileMaster,1888,3456,192,288,32,64,0,1,1,4294967295
tileMaster,1888,3520,192,288,32,64,0,1,1,4294967295
tileMaster,1856,3072,192,288,32,64,0,1,1,4294967295
tileMaster,1856,3136,192,288,32,64,0,1,1,4294967295
tileMaster,1856,3200,192,288,32,64,0,1,1,4294967295
tileMaster,1856,3264,192,288,32,64,0,1,1,4294967295
tileMaster,1856,3328,192,288,32,64,0,1,1,4294967295
tileMaster,1856,3392,192,288,32,64,0,1,1,4294967295
tileMaster,1856,3456,192,288,32,64,0,1,1,4294967295
tileMaster,1856,3520,192,288,32,64,0,1,1,4294967295
tileMaster,1664,3072,192,288,32,64,0,1,1,4294967295
tileMaster,1664,3136,192,288,32,64,0,1,1,4294967295
tileMaster,1664,3200,192,288,32,64,0,1,1,4294967295
tileMaster,1664,3264,192,288,32,64,0,1,1,4294967295
tileMaster,1664,3328,192,288,32,64,0,1,1,4294967295
tileMaster,1664,3392,192,288,32,64,0,1,1,4294967295
tileMaster,1664,3456,192,288,32,64,0,1,1,4294967295
tileMaster,1664,3520,192,288,32,64,0,1,1,4294967295
tileMaster,1696,3072,192,288,32,64,0,1,1,4294967295
tileMaster,1696,3136,192,288,32,64,0,1,1,4294967295
tileMaster,1696,3200,192,288,32,64,0,1,1,4294967295
tileMaster,1696,3264,192,288,32,64,0,1,1,4294967295
tileMaster,1696,3328,192,288,32,64,0,1,1,4294967295
tileMaster,1696,3392,192,288,32,64,0,1,1,4294967295
tileMaster,1696,3456,192,288,32,64,0,1,1,4294967295
tileMaster,1696,3520,192,288,32,64,0,1,1,4294967295
tileMaster,2272,3456,192,288,32,64,0,1,1,4294967295
tileMaster,2304,3456,192,288,32,64,0,1,1,4294967295
tileMaster,2272,3072,192,288,32,64,0,1,1,4294967295
tileMaster,2272,3136,192,288,32,64,0,1,1,4294967295
tileMaster,2272,3200,192,288,32,64,0,1,1,4294967295
tileMaster,2272,3264,192,288,32,64,0,1,1,4294967295
tileMaster,2272,3328,192,288,32,64,0,1,1,4294967295
tileMaster,2272,3392,192,288,32,64,0,1,1,4294967295
tileMaster,2304,2880,192,288,32,64,0,1,1,4294967295
tileMaster,2304,2944,192,288,32,64,0,1,1,4294967295
tileMaster,2304,3008,192,288,32,64,0,1,1,4294967295
tileMaster,2304,3072,192,288,32,64,0,1,1,4294967295
tileMaster,2304,3136,192,288,32,64,0,1,1,4294967295
tileMaster,2304,3200,192,288,32,64,0,1,1,4294967295
tileMaster,2304,3264,192,288,32,64,0,1,1,4294967295
tileMaster,2304,3328,192,288,32,64,0,1,1,4294967295
tileMaster,2304,3392,192,288,32,64,0,1,1,4294967295
tileMaster,2272,2880,192,288,32,64,0,1,1,4294967295
tileMaster,2272,2944,192,288,32,64,0,1,1,4294967295
tileMaster,2080,2880,192,288,32,64,0,1,1,4294967295
tileMaster,2080,2944,192,288,32,64,0,1,1,4294967295
tileMaster,2112,2880,192,288,32,64,0,1,1,4294967295
tileMaster,2112,2944,192,288,32,64,0,1,1,4294967295
tileMaster,1856,2880,192,288,32,64,0,1,1,4294967295
tileMaster,1856,2944,192,288,32,64,0,1,1,4294967295
tileMaster,1888,2880,192,288,32,64,0,1,1,4294967295
tileMaster,1888,2944,192,288,32,64,0,1,1,4294967295
tileMaster,1664,2880,192,288,32,64,0,1,1,4294967295
tileMaster,1664,2944,192,288,32,64,0,1,1,4294967295
tileMaster,1696,2880,192,288,32,64,0,1,1,4294967295
tileMaster,1696,2944,192,288,32,64,0,1,1,4294967295
tileMaster,1664,2496,192,288,32,64,0,1,1,4294967295
tileMaster,1664,2560,192,288,32,64,0,1,1,4294967295
tileMaster,1664,2624,192,288,32,64,0,1,1,4294967295
tileMaster,1664,2688,192,288,32,64,0,1,1,4294967295
tileMaster,1664,2752,192,288,32,64,0,1,1,4294967295
tileMaster,1664,2816,192,288,32,64,0,1,1,4294967295
tileMaster,1696,2496,192,288,32,64,0,1,1,4294967295
tileMaster,1696,2560,192,288,32,64,0,1,1,4294967295
tileMaster,1696,2624,192,288,32,64,0,1,1,4294967295
tileMaster,1696,2688,192,288,32,64,0,1,1,4294967295
tileMaster,1696,2752,192,288,32,64,0,1,1,4294967295
tileMaster,1696,2816,192,288,32,64,0,1,1,4294967295
tileMaster,1856,2752,192,288,32,64,0,1,1,4294967295
tileMaster,1888,2752,192,288,32,64,0,1,1,4294967295
tileMaster,2080,2368,192,288,32,64,0,1,1,4294967295
tileMaster,2080,2432,192,288,32,64,0,1,1,4294967295
tileMaster,2080,2496,192,288,32,64,0,1,1,4294967295
tileMaster,2080,2560,192,288,32,64,0,1,1,4294967295
tileMaster,2080,2624,192,288,32,64,0,1,1,4294967295
tileMaster,2080,2688,192,288,32,64,0,1,1,4294967295
tileMaster,2080,2752,192,288,32,64,0,1,1,4294967295
tileMaster,2112,2368,192,288,32,64,0,1,1,4294967295
tileMaster,2112,2432,192,288,32,64,0,1,1,4294967295
tileMaster,2112,2496,192,288,32,64,0,1,1,4294967295
tileMaster,2272,2208,192,288,32,64,0,1,1,4294967295
tileMaster,2272,2272,192,288,32,64,0,1,1,4294967295
tileMaster,2272,2336,192,288,32,64,0,1,1,4294967295
tileMaster,2272,2400,192,288,32,64,0,1,1,4294967295
tileMaster,2304,2208,192,288,32,64,0,1,1,4294967295
tileMaster,2304,2272,192,288,32,64,0,1,1,4294967295
tileMaster,2304,2336,192,288,32,64,0,1,1,4294967295
tileMaster,2304,2400,192,288,32,64,0,1,1,4294967295
tileMaster,2080,2240,192,288,32,64,0,1,1,4294967295
tileMaster,2112,2240,192,288,32,64,0,1,1,4294967295
tileMaster,2080,2176,192,288,32,64,0,1,1,4294967295
tileMaster,2112,2176,192,288,32,64,0,1,1,4294967295
tileMaster,1856,1920,192,288,32,64,0,1,1,4294967295
tileMaster,1888,1920,192,288,32,64,0,1,1,4294967295
tileMaster,1856,1984,192,288,32,64,0,1,1,4294967295
tileMaster,1888,1984,192,288,32,64,0,1,1,4294967295
tileMaster,1856,2048,192,288,32,64,0,1,1,4294967295
tileMaster,1888,2048,192,288,32,64,0,1,1,4294967295
tileMaster,1856,2112,192,288,32,64,0,1,1,4294967295
tileMaster,1888,2112,192,288,32,64,0,1,1,4294967295
tileMaster,1888,2176,192,288,32,64,0,1,1,4294967295
tileMaster,1888,2240,192,288,32,64,0,1,1,4294967295
tileMaster,1888,2304,192,288,32,64,0,1,1,4294967295
tileMaster,1856,2304,192,288,32,64,0,1,1,4294967295
tileMaster,1856,2368,192,288,32,64,0,1,1,4294967295
tileMaster,1888,2368,192,288,32,64,0,1,1,4294967295
tileMaster,1696,2304,192,288,32,64,0,1,1,4294967295
tileMaster,1696,2368,192,288,32,64,0,1,1,4294967295
tileMaster,1664,1856,192,288,32,64,0,1,1,4294967295
tileMaster,1664,1920,192,288,32,64,0,1,1,4294967295
tileMaster,1664,1984,192,288,32,64,0,1,1,4294967295
tileMaster,1664,2048,192,288,32,64,0,1,1,4294967295
tileMaster,1664,2112,192,288,32,64,0,1,1,4294967295
tileMaster,1664,2176,192,288,32,64,0,1,1,4294967295
tileMaster,1664,2240,192,288,32,64,0,1,1,4294967295
tileMaster,1664,2304,192,288,32,64,0,1,1,4294967295
tileMaster,1664,2368,192,288,32,64,0,1,1,4294967295
tileMaster,1696,1856,192,288,32,64,0,1,1,4294967295
tileMaster,1696,1920,192,288,32,64,0,1,1,4294967295
tileMaster,1696,1984,192,288,32,64,0,1,1,4294967295
tileMaster,1664,1312,192,288,32,64,0,1,1,4294967295
tileMaster,1696,1312,192,288,32,64,0,1,1,4294967295
tileMaster,1696,1376,192,288,32,64,0,1,1,4294967295
tileMaster,1696,1440,192,288,32,64,0,1,1,4294967295
tileMaster,1696,1504,192,288,32,64,0,1,1,4294967295
tileMaster,1696,1568,192,288,32,64,0,1,1,4294967295
tileMaster,1696,1632,192,288,32,64,0,1,1,4294967295
tileMaster,1696,1696,192,288,32,64,0,1,1,4294967295
tileMaster,1696,1760,192,288,32,64,0,1,1,4294967295
tileMaster,1664,1376,192,288,32,64,0,1,1,4294967295
tileMaster,1664,1440,192,288,32,64,0,1,1,4294967295
tileMaster,1664,1504,192,288,32,64,0,1,1,4294967295
tileMaster,1664,1568,192,288,32,64,0,1,1,4294967295
tileMaster,1664,1632,192,288,32,64,0,1,1,4294967295
tileMaster,1664,1696,192,288,32,64,0,1,1,4294967295
tileMaster,1664,1760,192,288,32,64,0,1,1,4294967295
