FactorySkybox,96,192,0031E4CE,0,1,1,4294967295,0,0
saveVeryHard,4064,1440,00044A33,0,1,1,4294967295,0,0
saveVeryHard,1632,1728,0006C2C8,0,1,1,4294967295,0,0
saveHard,1024,1792,002F5FF4,0,1,1,4294967295,0,0
saveHard,0,832,0039CCBD,0,1,1,4294967295,0,0
saveVeryHard,1216,1120,0040469C,0,1,1,4294967295,0,0
saveVeryHard,1440,2304,002509B4,0,1,1,4294967295,0,0
saveHard,928,3456,000BFE56,0,1,1,4294967295,0,1
saveVeryHard,864,3552,003E1AFA,0,1,1,4294967295,0,1
saveHard,2272,2880,000A8706,0,1,1,4294967295,0,0
saveMedium,2048,3488,000D4EE4,0,1,1,4294967295,0,0
saveHard,2432,992,002F2D1C,0,1,1,4294967295,0,0
FactorySpinner2,880,2736,00161281,0,1,1,4294967295,0,0
StaticEgg,480,923,0028457E,0,1,1,4294967295,0,0
StaticEgg,127,923,0011A04B,0,1,1,4294967295,0,0
StaticEgg,-220,922,000C1777,0,1,1,4294967295,0,0
saveMedium,2112,896,003DA2C5,0,1,1,4294967295,0,0
saveMedium,2432,736,000C4AAC,0,1,1,4294967295,0,0
saveMedium,1280,2880,0016FA8C,0,1,1,4294967295,0,0
saveMedium,2048,2208,00013893,0,1,1,4294967295,0,0
spikeUp,4416,160,00314E2C,0,1,1,4294967295,0,0
spikeUp,4512,64,001A1AC4,0,1,1,4294967295,0,0
spikeUp,4576,192,00353E5D,0,1,1,4294967295,0,0
spikeUp,4704,288,003F7153,0,1,1,4294967295,0,0
spikeUp,4704,32,0035B116,0,1,1,4294967295,0,0
spikeUp,4480,448,002C0707,0,1,1,4294967295,0,0
spikeUp,4448,448,00393704,0,1,1,4294967295,0,0
spikeUp,4416,448,00222C18,0,1,1,4294967295,0,0
spikeUp,4384,448,000E6DDA,0,1,1,4294967295,0,0
spikeUp,4352,448,00198A9B,0,1,1,4294967295,0,0
spikeUp,4320,448,001E04C5,0,1,1,4294967295,0,0
spikeUp,4288,448,0019EEDF,0,1,1,4294967295,0,0
spikeUp,4256,448,00057D74,0,1,1,4294967295,0,0
spikeUp,4192,384,00027562,0,1,1,4294967295,0,0
spikeUp,4064,384,001F6442,0,1,1,4294967295,0,0
spikeUp,4032,384,0011901E,0,1,1,4294967295,0,0
spikeUp,4416,960,0029524B,0,1,1,4294967295,0,0
spikeUp,4288,1024,0035B6DB,0,1,1,4294967295,0,0
spikeUp,4256,1280,00177C98,0,1,1,4294967295,0,0
spikeUp,4288,1280,00137E14,0,1,1,4294967295,0,0
spikeUp,4320,1280,003F9468,0,1,1,4294967295,0,0
spikeUp,4352,1280,001A1DB4,0,1,1,4294967295,0,0
spikeUp,4384,1280,002D7515,0,1,1,4294967295,0,0
spikeUp,4416,1280,003ACD25,0,1,1,4294967295,0,0
spikeUp,4448,1280,00373BB8,0,1,1,4294967295,0,0
spikeUp,4480,1280,00147CF5,0,1,1,4294967295,0,0
spikeUp,4512,1280,0024D339,0,1,1,4294967295,0,0
spikeUp,4576,1280,000F2FE5,0,1,1,4294967295,0,0
spikeUp,4544,1280,003407D5,0,1,1,4294967295,0,0
spikeUp,4608,1280,002B3E6D,0,1,1,4294967295,0,0
spikeUp,4640,1280,0033DCCF,0,1,1,4294967295,0,0
spikeUp,4672,1280,003E221D,0,1,1,4294967295,0,0
spikeUp,4512,1664,001E3DD2,0,1,1,4294967295,0,0
spikeUp,4544,1664,0003867F,0,1,1,4294967295,0,0
spikeUp,4571,1664,00104B92,0,1,1,4294967295,0,0
spikeUp,1120,1472,0028FDBD,0,1,1,4294967295,0,0
spikeUp,1088,1472,00335496,0,1,1,4294967295,0,0
spikeUp,1024,1472,001ECD54,0,1,1,4294967295,0,0
spikeUp,992,1440,0039D0D0,0,1,1,4294967295,0,0
spikeUp,832,1248,0020D7A0,0,1,1,4294967295,0,0
spikeUp,800,1248,001FCF32,0,1,1,4294967295,0,0
spikeUp,1120,1602,000B20B2,0,1,1,4294967295,0,0
spikeUp,1056,1760,000F5513,0,1,1,4294967295,0,0
spikeUp,1088,1760,0026092B,0,1,1,4294967295,0,0
spikeUp,1152,1760,0001075A,0,1,1,4294967295,0,0
spikeUp,1184,1760,00145E19,0,1,1,4294967295,0,0
spikeUp,1216,1760,001A3A15,0,1,1,4294967295,0,0
spikeUp,1120,1760,001FED70,0,1,1,4294967295,0,0
spikeUp,928,1760,00367452,0,1,1,4294967295,0,0
spikeUp,1024,1664,0006372C,0,1,1,4294967295,0,0
spikeUp,1312,992,003952A9,0,1,1,4294967295,0,0
spikeUp,2418,928,000A22AB,0,1,1,4294967295,0,0
spikeUp,2112,1152,003DB048,0,1,1,4294967295,0,0
spikeUp,2144,1152,002BC5B3,0,1,1,4294967295,0,0
spikeUp,2176,1152,0035DBDE,0,1,1,4294967295,0,0
spikeUp,2176,992,002660D5,0,1,1,4294967295,0,0
spikeUp,2208,992,00283424,0,1,1,4294967295,0,0
spikeUp,1312,800,003EE289,0,1,1,4294967295,0,0
spikeUp,1344,800,0012781A,0,1,1,4294967295,0,0
spikeUp,1376,800,0010A1A0,0,1,1,4294967295,0,0
spikeUp,1408,800,000095EF,0,1,1,4294967295,0,0
spikeUp,1440,800,00127A8E,0,1,1,4294967295,0,0
spikeUp,1472,800,0037534B,0,1,1,4294967295,0,0
spikeUp,1504,800,0028726C,0,1,1,4294967295,0,0
spikeUp,1536,800,000D8E92,0,1,1,4294967295,0,0
spikeUp,1280,1088,000CBDF2,0,1,1,4294967295,0,0
spikeUp,1344,1088,002CFB4F,0,1,1,4294967295,0,0
spikeUp,1394,1088,00088DA7,0,1,1,4294967295,0,0
spikeUp,1416,992,002BCB86,0,1,1,4294967295,0,0
spikeUp,1339,1984,0016A74F,0,1,1,4294967295,0,0
spikeUp,1419,1984,002DB281,0,1,1,4294967295,0,0
spikeUp,800,3488,002284E7,0,1,1,4294967295,0,0
spikeUp,1760,3168,000B8E84,0,1,1,4294967295,0,0
spikeUp,1792,3168,003B7485,0,1,1,4294967295,0,0
spikeUp,1824,3168,001A28AA,0,1,1,4294967295,0,0
spikeUp,1856,3168,0016569A,0,1,1,4294967295,0,0
spikeUp,1888,3168,002CF1E8,0,1,1,4294967295,0,0
spikeUp,1632,3168,003C0493,0,1,1,4294967295,0,0
spikeUp,1696,3424,00398424,0,1,1,4294967295,0,0
spikeUp,1664,3424,003C2418,0,1,1,4294967295,0,0
spikeUp,1632,3424,0001CE71,0,1,1,4294967295,0,0
spikeUp,1728,3264,002F71B6,0,1,1,4294967295,0,0
spikeUp,2016,2368,0033C11B,0,1,1,4294967295,0,0
spikeUp,1984,2368,001806D2,0,1,1,4294967295,0,0
spikeUp,1952,2368,00381437,0,1,1,4294967295,0,0
spikeUp,1920,2368,00158E3F,0,1,1,4294967295,0,0
spikeUp,1888,2368,000D9D7C,0,1,1,4294967295,0,0
spikeUp,1856,2368,000E1597,0,1,1,4294967295,0,0
spikeUp,1824,2368,002D8E3F,0,1,1,4294967295,0,0
spikeUp,1792,2368,00142FFA,0,1,1,4294967295,0,0
spikeUp,1760,2368,0035CAAC,0,1,1,4294967295,0,0
spikeUp,1728,2368,002EBC76,0,1,1,4294967295,0,0
spikeUp,1696,2368,0032D324,0,1,1,4294967295,0,0
spikeUp,1664,2368,0024EB63,0,1,1,4294967295,0,0
spikeUp,1632,2368,0005B529,0,1,1,4294967295,0,0
spikeUp,1856,2144,000ECF38,0,1,1,4294967295,0,0
spikeUp,1792,1760,003F0D96,0,1,1,4294967295,0,0
spikeUp,1824,1760,000B2FA7,0,1,1,4294967295,0,0
spikeUp,1856,1760,002EFC9E,0,1,1,4294967295,0,0
spikeUp,1888,1760,002AE4AF,0,1,1,4294967295,0,0
spikeUp,1920,1760,001530DB,0,1,1,4294967295,0,0
spikeUp,1952,1760,003A7E5C,0,1,1,4294967295,0,0
spikeUp,1984,1760,000E8B0C,0,1,1,4294967295,0,0
spikeUp,2016,1760,001FB996,0,1,1,4294967295,0,0
spikeUp,2048,1760,0024CE8B,0,1,1,4294967295,0,0
spikeUp,2080,1760,001FC95B,0,1,1,4294967295,0,0
spikeUp,2112,1760,000393D2,0,1,1,4294967295,0,0
spikeUp,2144,1760,001DBDF1,0,1,1,4294967295,0,0
spikeUp,2176,1760,003E4F8D,0,1,1,4294967295,0,0
spikeUp,2208,1760,001BFEA3,0,1,1,4294967295,0,0
spikeUp,2240,1760,0023D4B3,0,1,1,4294967295,0,0
spikeUp,2272,1760,000090BD,0,1,1,4294967295,0,0
spikeUp,2304,1760,0009F3D1,0,1,1,4294967295,0,0
spikeUp,2336,1760,003F04E7,0,1,1,4294967295,0,0
spikeUp,2368,1760,00055C5A,0,1,1,4294967295,0,0
spikeUp,2400,1760,000DE3D2,0,1,1,4294967295,0,0
spikeUp,2432,1760,003B7460,0,1,1,4294967295,0,0
spikeUp,2464,1760,002F1711,0,1,1,4294967295,0,0
spikeUp,2496,1760,00216922,0,1,1,4294967295,0,0
spikeUp,2528,1760,002734DA,0,1,1,4294967295,0,0
spikeUp,2560,1760,000849C6,0,1,1,4294967295,0,0
spikeUp,2592,1760,003374AD,0,1,1,4294967295,0,0
spikeUp,2624,1760,001E234C,0,1,1,4294967295,0,0
spikeUp,2656,1760,00104AE9,0,1,1,4294967295,0,0
spikeUp,2688,1760,0005C9CB,0,1,1,4294967295,0,0
spikeUp,2720,1760,0025CB25,0,1,1,4294967295,0,0
spikeUp,2752,1760,00291261,0,1,1,4294967295,0,0
spikeUp,2784,1760,0038D65E,0,1,1,4294967295,0,0
spikeUp,2816,1760,000E89BF,0,1,1,4294967295,0,0
spikeUp,2848,1760,0025A4DD,0,1,1,4294967295,0,0
spikeUp,2880,1760,000F5DC0,0,1,1,4294967295,0,0
spikeUp,2912,1760,0004D59D,0,1,1,4294967295,0,0
spikeUp,2944,1760,0032F5CC,0,1,1,4294967295,0,0
spikeUp,2976,1760,0031ADA0,0,1,1,4294967295,0,0
spikeUp,3008,1760,001B56AE,0,1,1,4294967295,0,0
spikeUp,3040,1760,002A1756,0,1,1,4294967295,0,0
spikeUp,3072,1760,003B1F3F,0,1,1,4294967295,0,0
spikeUp,3104,1760,001F706D,0,1,1,4294967295,0,0
spikeUp,3136,1760,00062DE4,0,1,1,4294967295,0,0
spikeUp,3168,1760,0037E858,0,1,1,4294967295,0,0
spikeUp,3200,1760,00176522,0,1,1,4294967295,0,0
spikeUp,3232,1760,0038DE20,0,1,1,4294967295,0,0
spikeUp,3264,1760,002576D7,0,1,1,4294967295,0,0
spikeUp,3296,1760,0001A6EC,0,1,1,4294967295,0,0
spikeUp,3328,1760,0029C106,0,1,1,4294967295,0,0
spikeUp,3360,1760,0013E9EB,0,1,1,4294967295,0,0
spikeUp,3392,1760,00021806,0,1,1,4294967295,0,0
spikeUp,3424,1760,0025E88D,0,1,1,4294967295,0,0
spikeUp,3456,1760,00214BCC,0,1,1,4294967295,0,0
spikeUp,3488,1760,001029EE,0,1,1,4294967295,0,0
spikeUp,3520,1760,00221C91,0,1,1,4294967295,0,0
spikeUp,3552,1760,003F94AB,0,1,1,4294967295,0,0
spikeUp,3584,1760,00373A2B,0,1,1,4294967295,0,0
spikeUp,3616,1760,002B9077,0,1,1,4294967295,0,0
spikeUp,3648,1760,0010A515,0,1,1,4294967295,0,0
spikeUp,3680,1760,0025F8A1,0,1,1,4294967295,0,0
spikeUp,3712,1760,00231D15,0,1,1,4294967295,0,0
spikeUp,3744,1760,0039C0B3,0,1,1,4294967295,0,0
spikeUp,3776,1760,000F3DEF,0,1,1,4294967295,0,0
spikeUp,3808,1760,002646D6,0,1,1,4294967295,0,0
spikeUp,3840,1760,003658DC,0,1,1,4294967295,0,0
spikeUp,3872,1760,00136A81,0,1,1,4294967295,0,0
spikeUp,3904,1760,001C8C2E,0,1,1,4294967295,0,0
spikeUp,832,2976,00357FE7,0,1,1,4294967295,0,0
spikeUp,800,2976,0014C311,0,1,1,4294967295,0,0
spikeRight,4064,288,002520BE,0,1,1,4294967295,0,0
spikeRight,4096,416,001787DF,0,1,1,4294967295,0,0
spikeLeft,4128,288,002C1421,0,1,1,4294967295,0,0
spikeLeft,4160,416,001B0D40,0,1,1,4294967295,0,0
spikeDown,4288,1184,00121AC8,0,1,1,4294967295,0,0
spikeDown,4416,1184,00113A36,0,1,1,4294967295,0,0
spikeDown,4576,1088,0029415D,0,1,1,4294967295,0,0
spikeDown,4640,1088,0007F197,0,1,1,4294967295,0,0
spikeDown,4608,1088,00373B1B,0,1,1,4294967295,0,0
spikeDown,4672,1088,002F4FB8,0,1,1,4294967295,0,0
spikeLeft,4640,1344,000BFB4E,0,1,1,4294967295,0,0
spikeLeft,4640,1376,0018EB72,0,1,1,4294967295,0,0
spikeLeft,4640,1408,001EBC57,0,1,1,4294967295,0,0
spikeLeft,4640,1440,00126FE4,0,1,1,4294967295,0,0
spikeLeft,4640,1472,00029AC3,0,1,1,4294967295,0,0
spikeLeft,4640,1504,00106BC7,0,1,1,4294967295,0,0
spikeLeft,4640,1536,001268CE,0,1,1,4294967295,0,0
spikeLeft,4640,1568,0005E2D2,0,1,1,4294967295,0,0
spikeLeft,4640,1600,003E2719,0,1,1,4294967295,0,0
spikeLeft,4640,1632,003510C1,0,1,1,4294967295,0,0
spikeLeft,4768,1600,003D2973,0,1,1,4294967295,0,0
spikeLeft,4768,1632,00071F20,0,1,1,4294967295,0,0
spikeLeft,4768,1664,0028A44A,0,1,1,4294967295,0,0
spikeLeft,4768,1696,00203C29,0,1,1,4294967295,0,0
spikeLeft,4768,1440,00260885,0,1,1,4294967295,0,0
spikeLeft,4768,1408,000C0B4E,0,1,1,4294967295,0,0
spikeLeft,4768,1376,0010AED1,0,1,1,4294967295,0,0
spikeLeft,4768,1344,000C4319,0,1,1,4294967295,0,0
spikeLeft,4384,1728,001D6FEB,0,1,1,4294967295,0,0
spikeLeft,4384,1760,00397D83,0,1,1,4294967295,0,0
spikeRight,4288,1472,000382CE,0,1,1,4294967295,0,0
spikeRight,4288,1504,00182700,0,1,1,4294967295,0,0
spikeRight,4512,1440,003EC477,0,1,1,4294967295,0,0
spikeRight,4512,1472,000BDE63,0,1,1,4294967295,0,0
spikeRight,4704,1472,002941F4,0,1,1,4294967295,0,0
spikeRight,4704,1504,000EB130,0,1,1,4294967295,0,0
spikeRight,4704,1536,0000B059,0,1,1,4294967295,0,0
spikeRight,4704,1568,0008EFCA,0,1,1,4294967295,0,0
spikeRight,4512,1600,003FCE04,0,1,1,4294967295,0,0
spikeRight,4512,1568,000C56E1,0,1,1,4294967295,0,0
spikeRight,4512,1536,001D1A49,0,1,1,4294967295,0,0
spikeRight,4512,1504,00172640,0,1,1,4294967295,0,0
spikeRight,4512,1632,00256264,0,1,1,4294967295,0,0
spikeRight,1056,1376,002CD851,0,1,1,4294967295,0,0
spikeRight,1056,1536,002053BC,0,1,1,4294967295,0,0
spikeRight,1152,1632,0033F741,0,1,1,4294967295,0,0
spikeRight,1152,1664,00308532,0,1,1,4294967295,0,0
spikeRight,1152,1696,003CB42A,0,1,1,4294967295,0,0
spikeRight,896,1664,000FE766,0,1,1,4294967295,0,0
spikeRight,896,1696,00083436,0,1,1,4294967295,0,0
spikeRight,896,1728,0022FA35,0,1,1,4294967295,0,0
spikeRight,780,1568,003A5291,0,1,1,4294967295,0,0
spikeRight,780,1600,0019458B,0,1,1,4294967295,0,0
spikeRight,780,1632,00309BE2,0,1,1,4294967295,0,0
spikeRight,780,1664,001A7E55,0,1,1,4294967295,0,0
spikeRight,780,1696,00001046,0,1,1,4294967295,0,0
spikeRight,780,1728,00114BB9,0,1,1,4294967295,0,0
spikeRight,780,1760,0017E80C,0,1,1,4294967295,0,0
spikeLeft,928,1632,002A94A6,0,1,1,4294967295,0,0
spikeLeft,992,1696,00044FDB,0,1,1,4294967295,0,0
spikeLeft,1088,1728,001D281B,0,1,1,4294967295,0,0
spikeLeft,1088,1696,001DF733,0,1,1,4294967295,0,0
spikeLeft,1088,1664,002011F4,0,1,1,4294967295,0,0
spikeLeft,1056,1344,00272F1E,0,1,1,4294967295,0,0
spikeLeft,1216,1312,0028F74C,0,1,1,4294967295,0,0
spikeLeft,1216,1344,00061F93,0,1,1,4294967295,0,0
spikeLeft,1216,1376,003E4ECA,0,1,1,4294967295,0,0
spikeLeft,1216,1408,001CD8A6,0,1,1,4294967295,0,0
spikeLeft,1216,1440,00254FF2,0,1,1,4294967295,0,0
spikeLeft,1216,1472,0006C102,0,1,1,4294967295,0,0
spikeLeft,1216,1504,0011C653,0,1,1,4294967295,0,0
spikeLeft,1200,1536,000DE1B1,0,1,1,4294967295,0,0
spikeLeft,1216,1568,0011A558,0,1,1,4294967295,0,0
spikeLeft,1216,1600,00183279,0,1,1,4294967295,0,0
spikeLeft,1216,1632,000C6126,0,1,1,4294967295,0,0
spikeLeft,1216,1664,0017364B,0,1,1,4294967295,0,0
spikeLeft,1216,1696,002AE264,0,1,1,4294967295,0,0
spikeLeft,1216,1728,0039113E,0,1,1,4294967295,0,0
spikeRight,1184,1338,0023FA13,0,1,1,4294967295,0,0
spikeDown,1152,1370,00263C50,0,1,1,4294967295,0,0
spikeDown,1120,1370,00240239,0,1,1,4294967295,0,0
spikeDown,1088,1370,002946FB,0,1,1,4294967295,0,0
spikeLeft,1088,1632,0007380E,0,1,1,4294967295,0,0
spikeRight,896,1632,003C3997,0,1,1,4294967295,0,0
spikeLeft,832,1632,0022B0F0,0,1,1,4294967295,0,0
spikeLeft,832,1664,00308A1F,0,1,1,4294967295,0,0
spikeLeft,832,1696,0006C149,0,1,1,4294967295,0,0
spikeLeft,832,1728,0032FCC2,0,1,1,4294967295,0,0
spikeLeft,832,1760,000310B2,0,1,1,4294967295,0,0
spikeLeft,824,1376,0010237A,0,1,1,4294967295,0,0
spikeLeft,818,1504,001EE777,0,1,1,4294967295,0,0
spikeDown,896,1312,002F17A5,0,1,1,4294967295,0,0
spikeDown,928,1312,003D60CF,0,1,1,4294967295,0,0
spikeDown,960,1312,00176596,0,1,1,4294967295,0,0
spikeRight,896,1344,00242873,0,1,1,4294967295,0,0
spikeRight,896,1376,0038F782,0,1,1,4294967295,0,0
spikeRight,896,1408,000FA83B,0,1,1,4294967295,0,0
spikeRight,896,1440,00191666,0,1,1,4294967295,0,0
spikeRight,800,1440,00207540,0,1,1,4294967295,0,0
spikeRight,896,1472,0009062C,0,1,1,4294967295,0,0
spikeRight,896,1504,002A7838,0,1,1,4294967295,0,0
spikeRight,1156,1504,001913ED,0,1,1,4294967295,0,0
spikeDown,800,1312,003F8B27,0,1,1,4294967295,0,0
spikeLeft,960,1504,0023111D,0,1,1,4294967295,0,0
spikeDown,1088,1536,001CE33B,0,1,1,4294967295,0,0
spikeDown,1312,928,00124680,0,1,1,4294967295,0,0
spikeDown,1408,928,00394BC7,0,1,1,4294967295,0,0
spikeLeft,1472,864,002763E4,0,1,1,4294967295,0,0
spikeLeft,1472,896,002165F6,0,1,1,4294967295,0,0
spikeLeft,1472,928,00093882,0,1,1,4294967295,0,0
spikeLeft,1472,960,003B509B,0,1,1,4294967295,0,0
spikeRight,2606,832,001B0132,0,1,1,4294967295,0,0
spikeLeft,2660,832,002ACF39,0,1,1,4294967295,0,0
spikeDown,1952,1056,002E0F48,0,1,1,4294967295,0,0
spikeDown,1920,1056,001D26B6,0,1,1,4294967295,0,0
spikeDown,1888,1056,002CFC73,0,1,1,4294967295,0,0
spikeDown,1824,1088,002C97A2,0,1,1,4294967295,0,0
spikeDown,1792,1120,001FDBAA,0,1,1,4294967295,0,0
spikeDown,2418,864,0001B1BF,0,1,1,4294967295,0,0
spikeLeft,2658,916,001530ED,0,1,1,4294967295,0,0
spikeRight,1976,864,002402CC,0,1,1,4294967295,0,0
spikeDown,2080,832,00377E0A,0,1,1,4294967295,0,0
spikeDown,2112,832,00121DF0,0,1,1,4294967295,0,0
spikeLeft,2880,960,0039C415,0,1,1,4294967295,0,0
spikeLeft,2880,928,00396B6D,0,1,1,4294967295,0,0
spikeLeft,2880,896,0007BD2A,0,1,1,4294967295,0,0
spikeLeft,2880,864,00123704,0,1,1,4294967295,0,0
spikeLeft,2880,832,00116320,0,1,1,4294967295,0,0
spikeLeft,2880,800,001FC763,0,1,1,4294967295,0,0
spikeLeft,2880,768,001C4BBB,0,1,1,4294967295,0,0
spikeLeft,2880,736,001E9B54,0,1,1,4294967295,0,0
spikeLeft,2880,704,0014484F,0,1,1,4294967295,0,0
spikeLeft,2880,672,002C2661,0,1,1,4294967295,0,0
spikeLeft,2880,640,0002FA97,0,1,1,4294967295,0,0
spikeRight,2720,640,00312100,0,1,1,4294967295,0,0
spikeRight,2720,672,000F0744,0,1,1,4294967295,0,0
spikeRight,2720,704,0027B82E,0,1,1,4294967295,0,0
spikeRight,2720,736,000A5DE4,0,1,1,4294967295,0,0
spikeRight,2720,768,001C4FE2,0,1,1,4294967295,0,0
spikeRight,2720,800,0009090C,0,1,1,4294967295,0,0
spikeRight,2720,832,003836D3,0,1,1,4294967295,0,0
spikeRight,2720,864,00218E9A,0,1,1,4294967295,0,0
spikeRight,2720,896,003D36DF,0,1,1,4294967295,0,0
spikeRight,2720,928,0035C6AA,0,1,1,4294967295,0,0
spikeRight,2720,960,00016579,0,1,1,4294967295,0,0
spikeRight,2112,960,0020CE8B,0,1,1,4294967295,0,0
spikeRight,2112,992,002F98DE,0,1,1,4294967295,0,0
spikeRight,2112,1024,003C1619,0,1,1,4294967295,0,0
spikeRight,2112,1056,003B5C86,0,1,1,4294967295,0,0
spikeRight,2112,1088,000C7601,0,1,1,4294967295,0,0
spikeRight,2112,1120,00289E66,0,1,1,4294967295,0,0
spikeRight,2174,800,00312D3C,0,1,1,4294967295,0,0
spikeLeft,2208,928,003D62F8,0,1,1,4294967295,0,0
spikeRight,1344,1056,00350A8E,0,1,1,4294967295,0,0
spikeRight,1448,1088,0021A6E2,0,1,1,4294967295,0,0
spikeDown,1290,1920,002EE6F3,0,1,1,4294967295,0,0
spikeDown,1378,1920,002651A3,0,1,1,4294967295,0,0
spikeDown,1462,1920,0015DC4C,0,1,1,4294967295,0,0
spikeDown,800,3456,0001F2DF,0,1,1,4294967295,0,0
spikeDown,928,3232,0006B6A0,0,1,1,4294967295,0,0
spikeDown,896,3232,002C95BA,0,1,1,4294967295,0,0
spikeDown,864,3232,002033A4,0,1,1,4294967295,0,0
spikeDown,1152,3360,003C6292,0,1,1,4294967295,0,0
spikeDown,1184,3360,003746D8,0,1,1,4294967295,0,0
spikeDown,1216,3360,003D51CB,0,1,1,4294967295,0,0
spikeDown,1216,3200,00186D85,0,1,1,4294967295,0,0
spikeDown,1184,3200,0002605B,0,1,1,4294967295,0,0
spikeDown,1152,3200,003C2D61,0,1,1,4294967295,0,0
spikeDown,1632,3072,002A9DA5,0,1,1,4294967295,0,0
spikeDown,1664,3072,001FB1F9,0,1,1,4294967295,0,0
spikeDown,1696,3072,00057D8E,0,1,1,4294967295,0,0
spikeDown,1920,3072,00343105,0,1,1,4294967295,0,0
spikeDown,1952,3072,00132DDA,0,1,1,4294967295,0,0
spikeDown,1984,3072,001988DE,0,1,1,4294967295,0,0
spikeDown,2016,3072,001DCFC1,0,1,1,4294967295,0,0
spikeDown,2048,3072,00066C87,0,1,1,4294967295,0,0
spikeDown,2080,3072,0010CBCF,0,1,1,4294967295,0,0
spikeDown,2112,3072,00227D3A,0,1,1,4294967295,0,0
spikeDown,2144,3072,00156EC1,0,1,1,4294967295,0,0
spikeDown,2176,3072,00040A03,0,1,1,4294967295,0,0
spikeDown,2208,3072,00397A03,0,1,1,4294967295,0,0
spikeDown,2240,3072,002150A4,0,1,1,4294967295,0,0
spikeDown,1728,3328,003D85CF,0,1,1,4294967295,0,0
spikeDown,1760,3232,00399721,0,1,1,4294967295,0,0
spikeDown,1792,3232,00154CFC,0,1,1,4294967295,0,0
spikeDown,1824,3232,0023A19B,0,1,1,4294967295,0,0
spikeDown,1856,3232,00363286,0,1,1,4294967295,0,0
spikeDown,1888,3232,0008B9FC,0,1,1,4294967295,0,0
spikeDown,1632,3328,003EFEDB,0,1,1,4294967295,0,0
spikeRight,1632,3392,0003557F,0,1,1,4294967295,0,0
spikeRight,1632,3360,0028EE83,0,1,1,4294967295,0,0
spikeRight,1664,3264,0033AFFD,0,1,1,4294967295,0,0
spikeRight,1664,3232,002B8877,0,1,1,4294967295,0,0
spikeRight,1664,3200,0025CCCE,0,1,1,4294967295,0,0
spikeRight,1656,3296,003BCD69,0,1,1,4294967295,0,0
spikeLeft,1703,3296,00096D87,0,1,1,4294967295,0,0
spikeRight,1760,3296,0034CB40,0,1,1,4294967295,0,0
spikeLeft,1728,3200,0030606F,0,1,1,4294967295,0,0
spikeLeft,1792,2496,001AA351,0,1,1,4294967295,0,0
spikeLeft,1792,2528,0004E19C,0,1,1,4294967295,0,0
spikeLeft,1792,2560,00017D25,0,1,1,4294967295,0,0
spikeLeft,1792,2592,00261F59,0,1,1,4294967295,0,0
spikeLeft,1792,2624,0002AA51,0,1,1,4294967295,0,0
spikeLeft,1792,2656,002B8B52,0,1,1,4294967295,0,0
spikeLeft,1696,2624,0004D779,0,1,1,4294967295,0,0
spikeLeft,1696,2656,00299835,0,1,1,4294967295,0,0
spikeLeft,1696,2688,0007FD6F,0,1,1,4294967295,0,0
spikeLeft,1696,2720,0018FDB3,0,1,1,4294967295,0,0
spikeLeft,1696,2752,001253B7,0,1,1,4294967295,0,0
spikeLeft,1696,2816,0033262D,0,1,1,4294967295,0,0
spikeLeft,1696,2848,0022C255,0,1,1,4294967295,0,0
spikeLeft,1696,2784,002DB873,0,1,1,4294967295,0,0
spikeDown,1696,2496,001E2529,0,1,1,4294967295,0,0
spikeDown,1664,2496,001B2B50,0,1,1,4294967295,0,0
spikeDown,1728,2873,001E012A,0,1,1,4294967295,0,0
spikeDown,1760,2873,00242A23,0,1,1,4294967295,0,0
spikeDown,1792,2873,0009F2BA,0,1,1,4294967295,0,0
spikeDown,1824,2873,00276D3D,0,1,1,4294967295,0,0
spikeDown,1856,2873,0013EA2F,0,1,1,4294967295,0,0
spikeDown,1888,2873,00288F51,0,1,1,4294967295,0,0
spikeDown,1920,2873,0032B830,0,1,1,4294967295,0,0
spikeDown,1952,2873,0018556A,0,1,1,4294967295,0,0
spikeDown,1984,2873,00311D02,0,1,1,4294967295,0,0
spikeDown,2016,2873,0015CFE4,0,1,1,4294967295,0,0
spikeDown,2048,2873,0040054D,0,1,1,4294967295,0,0
spikeDown,2080,2873,0008C9C3,0,1,1,4294967295,0,0
spikeDown,2112,2873,000A459D,0,1,1,4294967295,0,0
spikeDown,2144,2873,0011F49F,0,1,1,4294967295,0,0
spikeDown,2176,2873,000BE36D,0,1,1,4294967295,0,0
spikeDown,2208,2873,003C642E,0,1,1,4294967295,0,0
spikeRight,1760,2784,0021FA1C,0,1,1,4294967295,0,0
spikeRight,1984,2720,000E6FAD,0,1,1,4294967295,0,0
spikeRight,1984,2458,00037448,0,1,1,4294967295,0,0
spikeLeft,2080,2630,000B3D77,0,1,1,4294967295,0,0
spikeDown,1856,2336,000398B9,0,1,1,4294967295,0,0
spikeDown,1632,1312,000547DD,0,1,1,4294967295,0,0
spikeDown,1664,1312,00326435,0,1,1,4294967295,0,0
spikeDown,1696,1312,002F0D5D,0,1,1,4294967295,0,0
spikeDown,1728,1312,00363F3E,0,1,1,4294967295,0,0
spikeDown,1760,1312,0019336A,0,1,1,4294967295,0,0
spikeDown,1792,1312,003EB880,0,1,1,4294967295,0,0
spikeDown,1824,1312,003772BB,0,1,1,4294967295,0,0
spikeDown,1856,1312,0009F254,0,1,1,4294967295,0,0
spikeDown,1888,1312,000F08F2,0,1,1,4294967295,0,0
spikeDown,1920,1312,0027C75D,0,1,1,4294967295,0,0
spikeDown,1952,1312,000E53A8,0,1,1,4294967295,0,0
spikeDown,1984,1312,0023DFEB,0,1,1,4294967295,0,0
spikeDown,2016,1312,0029CBD7,0,1,1,4294967295,0,0
spikeDown,2048,1312,00298AF2,0,1,1,4294967295,0,0
spikeDown,2080,1312,00356118,0,1,1,4294967295,0,0
spikeDown,2112,1312,002A0129,0,1,1,4294967295,0,0
spikeDown,2144,1312,003CC9F9,0,1,1,4294967295,0,0
spikeDown,2176,1312,0037D039,0,1,1,4294967295,0,0
spikeDown,2208,1312,003B2D69,0,1,1,4294967295,0,0
spikeDown,2240,1312,00129B8F,0,1,1,4294967295,0,0
spikeDown,2272,1312,001E529F,0,1,1,4294967295,0,0
spikeDown,2304,1312,001563D3,0,1,1,4294967295,0,0
spikeDown,2336,1312,003C38D4,0,1,1,4294967295,0,0
spikeDown,2368,1312,001D13FB,0,1,1,4294967295,0,0
spikeDown,2400,1312,00309622,0,1,1,4294967295,0,0
spikeDown,2432,1312,001A5225,0,1,1,4294967295,0,0
spikeDown,2464,1312,0008ED45,0,1,1,4294967295,0,0
spikeDown,2496,1312,000FC119,0,1,1,4294967295,0,0
spikeDown,2528,1312,0005789C,0,1,1,4294967295,0,0
spikeDown,2560,1312,00094D53,0,1,1,4294967295,0,0
spikeDown,2592,1312,00243951,0,1,1,4294967295,0,0
spikeDown,2624,1312,002872A4,0,1,1,4294967295,0,0
spikeDown,2656,1312,003A0B2F,0,1,1,4294967295,0,0
spikeDown,2688,1312,002BED44,0,1,1,4294967295,0,0
spikeDown,3872,1312,0014BEBC,0,1,1,4294967295,0,0
spikeDown,3840,1312,0036BC36,0,1,1,4294967295,0,0
spikeDown,3808,1312,002870E8,0,1,1,4294967295,0,0
spikeDown,3776,1312,0033C2A1,0,1,1,4294967295,0,0
spikeDown,3744,1312,001E5DE8,0,1,1,4294967295,0,0
spikeDown,3712,1312,002EB3F1,0,1,1,4294967295,0,0
spikeDown,3680,1312,0030F23F,0,1,1,4294967295,0,0
spikeDown,3648,1312,003814D4,0,1,1,4294967295,0,0
spikeDown,3616,1312,003C40AF,0,1,1,4294967295,0,0
spikeDown,3584,1312,000CBE09,0,1,1,4294967295,0,0
spikeDown,3552,1312,0017C1A9,0,1,1,4294967295,0,0
spikeDown,3520,1312,002F3EDE,0,1,1,4294967295,0,0
spikeDown,3488,1312,000E84F1,0,1,1,4294967295,0,0
spikeDown,3456,1312,0036B41F,0,1,1,4294967295,0,0
spikeDown,3424,1312,0015D2E1,0,1,1,4294967295,0,0
spikeDown,3392,1312,001921B0,0,1,1,4294967295,0,0
spikeDown,3360,1312,003B1516,0,1,1,4294967295,0,0
spikeDown,3328,1312,0012DD9F,0,1,1,4294967295,0,0
spikeDown,3296,1312,003EE635,0,1,1,4294967295,0,0
spikeDown,3264,1312,001CD848,0,1,1,4294967295,0,0
spikeDown,3232,1312,000ADDE1,0,1,1,4294967295,0,0
spikeDown,3200,1312,0025A6E4,0,1,1,4294967295,0,0
spikeDown,3168,1312,0035FB44,0,1,1,4294967295,0,0
spikeDown,3136,1312,002C3389,0,1,1,4294967295,0,0
spikeDown,3104,1312,002C515E,0,1,1,4294967295,0,0
spikeDown,3072,1312,0008870E,0,1,1,4294967295,0,0
spikeDown,3040,1312,003851C3,0,1,1,4294967295,0,0
spikeDown,3008,1312,0010FBFE,0,1,1,4294967295,0,0
spikeDown,2976,1312,003EA8AE,0,1,1,4294967295,0,0
spikeDown,2944,1312,002DF30D,0,1,1,4294967295,0,0
spikeDown,2912,1312,00122670,0,1,1,4294967295,0,0
spikeDown,2720,1408,001732BE,0,1,1,4294967295,0,0
spikeDown,2752,1408,002EF855,0,1,1,4294967295,0,0
spikeDown,2784,1408,0025394F,0,1,1,4294967295,0,0
spikeDown,2816,1408,0028D2D8,0,1,1,4294967295,0,0
spikeDown,2848,1408,0014CF8C,0,1,1,4294967295,0,0
spikeDown,2880,1408,0030466B,0,1,1,4294967295,0,0
spikeDown,960,3232,0030E1F2,0,1,1,4294967295,0,0
EggHitbox,127,923,000C3B8D,0,1,1,4294967295,0,0
block,4224,480,002E9C6B,0,10,1,4294967295,0,0
block,4224,224,0029F21B,0,1,6,4294967295,0,0
block,4224,448,001DC576,0,1,1,4294967295,0,0
block,1568,608,0026E07B,0,1,3,4294967295,0,0
block,1568,704,00145850,0,11,1,4294967295,0,0
block,1568,736,003A004E,0,2,3,4294967295,0,0
block,1312,832,000B0BB4,0,10,1,4294967295,0,0
block,1312,896,00013BD1,0,1,1,4294967295,0,0
block,1408,896,0031911C,0,1,1,4294967295,0,0
block,1416,1024,00401AEE,0,1,3,4294967295,0,0
block,1312,1024,000AA28F,0,1,1,4294967295,0,0
block,1312,1088,003E0042,0,1,1,4294967295,0,0
block,1504,992,00287EF1,0,4,1,4294967295,0,0
block,1248,1120,0001D32A,0,15,1,4294967295,0,0
block,1248,1152,003053CF,0,1,4,4294967295,0,0
block,832,3552,0037045C,0,1,4,4294967295,0,0
block,1248,3360,000CD2CE,0,1,5,4294967295,0,0
block,1120,3328,00252C4A,0,5,1,4294967295,0,0
block,1152,3616,000C94AC,0,1,2,4294967295,0,0
block,1152,3584,003797AA,0,35,1,4294967295,0,0
block,2240,3552,003B04CB,0,2,1,4294967295,0,0
block,2272,3520,0008D1BC,0,2,1,4294967295,0,0
block,2304,3488,003CA669,0,2,1,4294967295,0,0
block,2336,3456,00319FA7,0,2,1,4294967295,0,0
block,2368,3264,0034BB71,0,1,6,4294967295,0,0
block,1920,3232,003DF5A2,0,15,1,4294967295,0,0
block,1760,3200,002C4560,0,6,1,4294967295,0,0
block,1920,3168,00181C57,0,14,1,4294967295,0,0
block,2336,3104,0037D6C1,0,2,1,4294967295,0,0
block,2336,3136,0027AE55,0,1,1,4294967295,0,0
block,1600,3072,0014E322,0,1,4,4294967295,0,0
block,1632,3232,0037B8B3,0,1,2,4294967295,0,0
block,1600,3328,00206738,0,1,4,4294967295,0,0
block,1600,3456,0014A844,0,20,1,4294967295,0,0
block,1600,3488,000DCADE,0,1,1,4294967295,0,0
block,1728,3424,0026CE32,0,16,1,4294967295,0,0
block,2240,2944,0015921A,0,1,2,4294967295,0,0
block,2240,2880,00175814,0,1,1,4294967295,0,0
block,2368,2880,00199F20,0,1,7,4294967295,0,0
block,1728,2848,00119F3B,0,21,1,4294967295,0,0
block,1728,2816,002B3CFB,0,13,1,4294967295,0,0
block,1728,2624,003146CE,0,1,6,4294967295,0,0
block,1696,2592,002FE537,0,2,1,4294967295,0,0
block,1600,2784,00179729,0,2,7,4294967295,0,0
block,1248,2752,0006CC8F,0,13,1,4294967295,0,0
block,1120,2496,0009336D,0,5,1,4294967295,0,0
block,1248,2432,001F32F0,0,1,2,4294967295,0,0
block,1248,2400,00202375,0,26,1,4294967295,0,0
block,1248,2528,002DF1C4,0,1,7,4294967295,0,0
block,1248,2848,000E136F,0,3,1,4294967295,0,0
block,1312,2880,0024E685,0,1,1,4294967295,0,0
block,1312,2912,00380FF1,0,3,1,4294967295,0,0
block,1248,3008,003CDA50,0,33,1,4294967295,0,0
block,1184,3040,000C6B7B,0,3,1,4294967295,0,0
block,1184,3072,00119725,0,1,1,4294967295,0,0
block,1120,3104,003FB7A9,0,3,1,4294967295,0,0
block,1120,3136,00168880,0,1,1,4294967295,0,0
block,1120,3168,00300253,0,5,1,4294967295,0,0
block,1248,3200,0014414D,0,1,4,4294967295,0,0
block,832,3200,0025B092,0,5,1,4294967295,0,0
block,960,3456,00302E65,0,1,1,4294967295,0,0
block,832,3232,0033DA44,0,1,6,4294967295,0,0
block,832,3040,0004317A,0,1,5,4294967295,0,0
block,1056,2816,00359B36,0,3,1,4294967295,0,0
block,864,2720,00266BB2,0,1,1,4294967295,0,0
block,992,2624,003318D7,0,3,1,4294967295,0,0
block,768,1824,00106B6E,0,1,37,4294967295,0,0
block,864,1344,00393349,0,1,8,4294967295,0,0
block,864,1632,001A65BA,0,1,5,4294967295,0,0
block,928,1792,000C18EA,0,1,1,4294967295,0,0
block,992,1824,000783E2,0,2,1,4294967295,0,0
block,1024,1856,00341FA9,0,1,2,4294967295,0,0
block,1024,1696,0020F595,0,1,3,4294967295,0,0
block,1056,1792,00287EA8,0,7,1,4294967295,0,0
block,1088,1824,0035801C,0,6,1,4294967295,0,0
block,1248,1888,00099FC6,0,12,1,4294967295,0,0
block,1248,1856,00019A30,0,1,1,4294967295,0,0
block,1600,1920,00249177,0,1,6,4294967295,0,0
block,1600,2144,0027E257,0,1,8,4294967295,0,0
block,1152,2272,002FF1E2,0,13,1,4294967295,0,0
block,1472,2240,002482BF,0,1,1,4294967295,0,0
block,1472,2304,001A2268,0,1,1,4294967295,0,0
block,1312,2144,00159B94,0,2,1,4294967295,0,0
block,1344,2112,002BB1E2,0,1,1,4294967295,0,0
block,1248,2016,003BC1B3,0,8,1,4294967295,0,0
block,1120,1888,003BB68E,0,3,1,4294967295,0,0
block,1120,1632,003C52F8,0,1,5,4294967295,0,0
block,1248,1312,0009C5D1,0,1,15,4294967295,0,0
block,1088,1339,0005487B,0,3,1,4294967295,0,0
block,992,1376,001BA1EB,0,2,1,4294967295,0,0
block,896,1280,00083EFF,0,12,1,4294967295,0,0
block,992,1472,00137C24,0,1,1,4294967295,0,0
block,992,1504,003B4528,0,2,1,4294967295,0,0
block,960,1536,003FEBBA,0,3,1,4294967295,0,0
block,1088,1504,003D787A,0,2,1,4294967295,0,0
block,1024,1568,003C5177,0,1,1,4294967295,0,0
block,960,1632,0000FB4F,0,1,1,4294967295,0,0
block,960,1600,0032DA42,0,3,1,4294967295,0,0
block,960,1568,00115180,0,1,1,4294967295,0,0
block,800,992,0016DF8A,0,1,6,4294967295,0,0
block,736,960,00388987,0,3,1,4294967295,0,0
block,736,992,00269878,0,1,6,4294967295,0,0
block,736,1184,0021DE9A,0,3,1,4294967295,0,0
block,736,1216,001CF7B6,0,2,2,4294967295,0,0
block,736,1280,003EFD54,0,4,1,4294967295,0,0
block,736,1312,00080288,0,2,15,4294967295,0,0
block,512,992,00282E2B,0,1,1,4294967295,0,0
block,384,992,00134606,0,1,26,4294967295,0,0
block,736,1792,0022EE0F,0,5,1,4294967295,0,0
block,160,992,0026ACBA,0,1,1,4294967295,0,0
block,32,1024,0019F9A4,0,1,25,4294967295,0,0
block,96,832,003A79C0,0,3,1,4294967295,0,0
block,160,608,000E0FF8,0,1,7,4294967295,0,0
block,96,608,00061C07,0,1,7,4294967295,0,0
block,512,608,0012ACA1,0,1,8,4294967295,0,0
block,736,608,0025427D,0,1,8,4294967295,0,0
block,1728,1888,0003A3CC,0,8,1,4294967295,0,0
block,1760,1920,0024D2A8,0,7,1,4294967295,0,0
block,2048,1920,00086AEF,0,4,1,4294967295,0,0
block,2144,1856,002EC759,0,1,2,4294967295,0,0
block,1792,1824,000E4548,0,12,1,4294967295,0,0
block,1792,1792,0019BF7C,0,68,1,4294967295,0,0
block,1600,1312,003FA399,0,1,15,4294967295,0,0
block,2720,1312,00228E6B,0,1,2,4294967295,0,0
block,2720,1376,00169D6E,0,6,1,4294967295,0,0
block,2880,1312,00078CFB,0,1,2,4294967295,0,0
block,3904,1312,001F3900,0,1,3,4294967295,0,0
block,3904,1408,002FD509,0,6,1,4294967295,0,0
block,3904,1504,0033DA59,0,6,1,4294967295,0,0
block,3904,1536,000166C7,0,2,1,4294967295,0,0
block,3936,1568,001414AA,0,1,7,4294967295,0,0
block,2688,1248,0037CB92,0,1,1,4294967295,0,0
block,2688,1216,0034C00B,0,8,1,4294967295,0,0
block,2912,1248,0031033D,0,1,1,4294967295,0,0
block,4064,1536,002FAFB4,0,1,10,4294967295,0,0
block,1952,2464,003D35D7,0,1,8,4294967295,0,0
block,1824,2720,000C1E6A,0,5,1,4294967295,0,0
block,1824,2496,0039707D,0,1,7,4294967295,0,0
block,1632,2496,002F45F7,0,1,8,4294967295,0,0
block,2240,2496,000318EE,0,2,1,4294967295,0,0
block,2272,2464,002F94B0,0,3,1,4294967295,0,0
block,2336,2400,0014C560,0,2,1,4294967295,0,0
block,2336,2432,0038FEE5,0,1,1,4294967295,0,0
block,2048,2304,000D2154,0,7,2,4294967295,0,0
block,2048,2368,000BCFC3,0,1,1,4294967295,0,0
block,2368,2208,00055B77,0,1,6,4294967295,0,0
block,2048,2176,00008E59,0,11,1,4294967295,0,0
block,2048,1952,00254BF4,0,1,7,4294967295,0,0
block,1952,2016,00207E50,0,1,8,4294967295,0,0
block,1856,2176,001BC611,0,1,5,4294967295,0,0
block,1696,2080,001C3E14,0,2,7,4294967295,0,0
block,1696,2048,003F9B5B,0,4,1,4294967295,0,0
block,1760,2016,002DB289,0,2,1,4294967295,0,0
block,1728,3296,000BEE51,0,1,1,4294967295,0,0
block,4416,1760,0007B0E5,0,6,1,4294967295,0,0
block,4416,1408,000307ED,0,3,1,4294967295,0,0
block,4480,1440,001A9459,0,1,8,4294967295,0,0
block,4480,1696,00245A89,0,4,1,4294967295,0,0
block,4736,1760,0005EAFC,0,3,1,4294967295,0,0
block,4672,1344,0010E5BE,0,1,10,4294967295,0,0
block,4256,1312,00077CB6,0,14,1,4294967295,0,0
block,4800,608,002B07DC,0,1,36,4294967295,0,0
block,4768,0,00062BFA,0,1,18,4294967295,0,0
block,4768,576,00209A64,0,2,1,4294967295,0,0
block,4000,448,000C56EB,0,1,4,4294967295,0,0
block,4000,320,00371C9B,0,1,2,4294967295,0,0
block,4000,0,00057C0B,0,1,9,4294967295,0,0
block,4096,192,0028036C,0,5,1,4294967295,0,0
block,4160,288,002123A8,0,1,1,4294967295,0,0
block,4192,416,003D0481,0,2,1,4294967295,0,0
block,4032,416,00225CA5,0,2,1,4294967295,0,0
block,4512,512,0018FB93,0,1,16,4294967295,0,0
block,4576,992,001D5306,0,4,1,4294967295,0,0
block,4672,1024,000A7B24,0,1,1,4294967295,0,0
block,4576,1056,000F510F,0,4,1,4294967295,0,0
block,4576,1024,001B4209,0,1,1,4294967295,0,0
block,4288,1056,003AE4BA,0,1,4,4294967295,0,0
block,4064,1216,0032AF41,0,1,6,4294967295,0,0
block,2688,1120,000B5CD5,0,1,3,4294967295,0,0
block,2208,1088,0028D1AB,0,16,1,4294967295,0,0
block,2208,1120,000AC9DB,0,1,2,4294967295,0,0
block,2080,1088,003A7202,0,1,3,4294967295,0,0
block,2080,960,0026D995,0,1,3,4294967295,0,0
block,2080,928,0003D138,0,3,1,4294967295,0,0
block,2144,832,0000D5EA,0,1,3,4294967295,0,0
block,2016,768,000D3CAD,0,5,2,4294967295,0,0
block,1952,704,00244D7F,0,10,1,4294967295,0,0
block,2240,736,0006F78B,0,1,9,4294967295,0,0
block,2176,1024,00288982,0,8,1,4294967295,0,0
block,2400,992,00065E07,0,1,1,4294967295,0,0
block,2688,928,0001985C,0,1,4,4294967295,0,0
block,2688,736,00069205,0,1,5,4294967295,0,0
block,2560,736,001E9402,0,1,1,4294967295,0,0
block,2496,768,002BF345,0,3,1,4294967295,0,0
block,2496,736,00075B37,0,1,1,4294967295,0,0
block,2400,736,0012AF49,0,1,3,4294967295,0,0
block,2464,896,002E7018,0,8,1,4294967295,0,0
block,2400,864,00020C21,0,1,3,4294967295,0,0
block,2016,1056,000A5F7C,0,3,1,4294967295,0,0
block,2016,1088,001213E3,0,1,2,4294967295,0,0
block,1760,1152,0008260B,0,9,1,4294967295,0,0
block,1760,1120,000D4D05,0,1,1,4294967295,0,0
block,1824,1024,00079034,0,1,1,4294967295,0,0
block,1760,992,00245B0E,0,3,1,4294967295,0,0
block,1760,1024,0018E876,0,1,1,4294967295,0,0
block,1696,1056,00195B0C,0,5,1,4294967295,0,0
block,1696,1088,0009D270,0,1,1,4294967295,0,0
block,1600,864,00014AA0,0,1,4,4294967295,0,0
block,1888,736,003FDCCF,0,1,9,4294967295,0,0
block,1888,1024,0002B7DE,0,3,1,4294967295,0,0
block,1952,992,0024B3F9,0,1,1,4294967295,0,0
block,1952,960,003E3D1F,0,3,1,4294967295,0,0
block,2016,928,001FD6FF,0,1,1,4294967295,0,0
block,1952,896,002A9A84,0,3,1,4294967295,0,0
block,1952,736,002D327B,0,1,5,4294967295,0,0
block,2912,608,000B3686,0,2,12,4294967295,0,0
block,2912,1088,001FAE3A,0,41,1,4294967295,0,0
block,2912,1120,000C5F7A,0,1,3,4294967295,0,0
block,1504,864,001D791E,0,1,4,4294967295,0,0
block,4800,1792,001F6AEC,0,1,2,4294967295,0,0
blockMini,2592,832,003DF410,0,1,1,4294967295,0,0
blockMini,2592,848,0019DE69,0,1,1,4294967295,0,0
block,3232,544,003AE6DF,0,1,1,4294967295,0,0
block,3936,576,002D914E,0,14,1,4294967295,0,0
block,3232,608,00053047,0,1,15,4294967295,0,0
block,3936,608,001888A7,0,1,15,4294967295,0,0
block,-32,608,0022409A,0,1,12,4294967295,0,0
block,4256,1344,001A28A0,0,1,10,4294967295,0,0
block,4416,1440,0038F548,0,1,10,4294967295,0,0
block,4576,1728,0007F3A4,0,1,1,4294967295,0,0
block,4192,1120,0010E54D,0,1,2,4294967295,0,0
block,4416,992,0004B050,0,1,6,4294967295,0,0
block,4416,192,001EFF17,0,1,3,4294967295,0,0
block,4512,96,000C5139,0,1,3,4294967295,0,0
block,4704,64,003CBCCB,0,1,3,4294967295,0,0
block,4704,320,003CE08B,0,1,3,4294967295,0,0
block,4576,224,00383091,0,1,3,4294967295,0,0
block,4577,288,0020675E,0,1,1,4294967295,0,0
block,2112,2528,00296E17,0,5,1,4294967295,0,0
block,2112,2560,00320848,0,1,8,4294967295,0,0
block,-32,576,002BA3FB,0,5,1,4294967295,0,0
block,160,576,001B8169,0,45,1,4294967295,0,0
block,1760,1088,0000F9DD,0,2,1,4294967295,0,0
block,2080,1184,0008E904,0,5,1,4294967295,0,0
block,2400,960,001950C2,0,8,1,4294967295,0,0
block,2400,832,003B00A8,0,6,1,4294967295,0,0
block,2400,704,00033104,0,4,1,4294967295,0,0
block,2560,704,001EB144,0,5,1,4294967295,0,0
block,4064,1184,0036E7E9,0,5,1,4294967295,0,0
block,2880,1280,00130E6E,0,33,1,4294967295,0,0
block,1664,1824,001503F4,0,2,1,4294967295,0,0
block,1600,1792,0002D09B,0,3,1,4294967295,0,0
block,1600,1856,003EB5C6,0,5,1,4294967295,0,0
block,1600,3296,000CCF65,0,2,1,4294967295,0,0
block,1600,3200,000BCFC5,0,2,1,4294967295,0,0
block,1600,3040,0023BD04,0,22,1,4294967295,0,0
block,1632,2464,002689CD,0,7,1,4294967295,0,0
block,4000,288,001B8DA2,0,2,1,4294967295,0,0
block,3232,512,00365DE8,0,23,1,4294967295,0,0
block,4000,-32,003DD1BD,0,25,1,4294967295,0,0
block,-32,992,00288CBB,0,3,1,4294967295,0,0
block,768,3008,002F1AA2,0,3,1,4294967295,0,0
block,1952,2432,0014B7F4,0,4,1,4294967295,0,0
block,2912,576,0005FC4B,0,11,1,4294967295,0,0
block,768,3424,000D9C09,0,7,1,4294967295,0,0
block,768,3520,002FB778,0,27,1,4294967295,0,0
block,1232,1536,00015F58,0,1,1,4294967295,0,0
block,1124,1504,002367AB,0,1,1,4294967295,0,0
block,1472,2112,00237628,0,5,1,4294967295,0,0
block,1024,1312,0011AB5D,0,1,2,4294967295,0,0
block,2688,544,0032D1D3,0,1,5,4294967295,0,0
block,2912,544,0004B6B0,0,1,1,4294967295,0,0
block,3168,1120,0015CBFE,0,1,3,4294967295,0,0
block,3168,1216,0009D044,0,27,1,4294967295,0,0
block,4000,1120,0022F9D7,0,1,3,4294967295,0,0
block,3936,416,00238D4F,0,1,3,4294967295,0,0
block,3936,384,0020846E,0,3,1,4294967295,0,0
block,1600,1280,003B4B1E,0,36,1,4294967295,0,0
block,4000,432,000D83EB,0,1,1,4294967295,0,0
WeirdYellowWallL,4256,1408,001D3EE6,0,1,1,4294967295,0,0
WeirdYellowWallL,4256,1440,001EC24E,0,1,1,4294967295,0,0
WeirdYellowWallL,4256,1472,0039E5A2,0,1,1,4294967295,0,0
WeirdYellowWallL,4256,1504,0018AC42,0,1,1,4294967295,0,0
WeirdYellowWallL,4256,1536,000A466A,0,1,1,4294967295,0,0
WeirdYellowWallL,4256,1568,0025CB41,0,1,1,4294967295,0,0
WeirdYellowWallL,4256,1600,001CF38C,0,1,1,4294967295,0,0
WeirdYellowWallL,4256,1632,0022191B,0,1,1,4294967295,0,0
WeirdYellowWallL,4576,1696,003439AC,0,1,1,4294967295,0,0
WeirdYellowWallL,4576,1728,0005EA0D,0,1,1,4294967295,0,0
WeirdYellowWallL,4576,1760,0019471F,0,1,1,4294967295,0,0
WeirdYellowWallR,4416,1440,001CB510,0,1,1,4294967295,0,0
WeirdYellowWallR,4416,1472,00367008,0,1,1,4294967295,0,0
WeirdYellowWallR,4416,1504,001115A9,0,1,1,4294967295,0,0
WeirdYellowWallR,4416,1536,0009CE39,0,1,1,4294967295,0,0
WeirdYellowWallR,4416,1568,00339B5F,0,1,1,4294967295,0,0
WeirdYellowWallR,4416,1600,000DD58E,0,1,1,4294967295,0,0
WeirdYellowWallR,4416,1632,002E7DB9,0,1,1,4294967295,0,0
WeirdYellowWallR,4416,1664,003D4C1C,0,1,1,4294967295,0,0
WeirdYellowWallR,4416,1696,00068FFC,0,1,1,4294967295,0,0
WeirdYellowWallL,4192,1152,0034051C,0,1,1,4294967295,0,0
WeirdYellowWallL,4192,1120,0014B77F,0,1,1,4294967295,0,0
WeirdYellowWallL,4192,1088,0032D561,0,1,1,4294967295,0,0
WeirdYellowWallL,4288,1152,003F9E1F,0,1,1,4294967295,0,0
WeirdYellowWallL,4288,1120,000D8FBB,0,1,1,4294967295,0,0
WeirdYellowWallL,4288,1088,001B9BA9,0,1,1,4294967295,0,0
WeirdYellowWallL,4416,1152,000E3F93,0,1,1,4294967295,0,0
WeirdYellowWallL,4416,1120,00282A00,0,1,1,4294967295,0,0
WeirdYellowWallL,4416,1088,00350D2E,0,1,1,4294967295,0,0
WeirdYellowWallL,4416,1056,0037A221,0,1,1,4294967295,0,0
WeirdYellowWallL,4416,1024,0004FA2D,0,1,1,4294967295,0,0
WeirdYellowWallL,4416,992,0023B203,0,1,1,4294967295,0,0
WeirdYellowWallR,4416,992,00064F87,0,1,1,4294967295,0,0
WeirdYellowWallR,4416,1024,00093A2C,0,1,1,4294967295,0,0
WeirdYellowWallR,4416,1056,00060F78,0,1,1,4294967295,0,0
WeirdYellowWallR,4416,1088,0003E07C,0,1,1,4294967295,0,0
WeirdYellowWallR,4416,1120,000AC202,0,1,1,4294967295,0,0
WeirdYellowWallR,4416,1152,001A83BA,0,1,1,4294967295,0,0
WeirdYellowWallR,4288,1152,00042A17,0,1,1,4294967295,0,0
WeirdYellowWallR,4288,1120,0006257E,0,1,1,4294967295,0,0
WeirdYellowWallR,4288,1088,0021D61B,0,1,1,4294967295,0,0
WeirdYellowWallR,4512,992,001DC10F,0,1,1,4294967295,0,0
WeirdYellowWallR,4512,960,0013B9A8,0,1,1,4294967295,0,0
WeirdYellowWallR,4512,928,003514F3,0,1,1,4294967295,0,0
WeirdYellowWallL,4416,256,002808D2,0,1,1,4294967295,0,0
WeirdYellowWallL,4416,224,001A1D32,0,1,1,4294967295,0,0
WeirdYellowWallL,4416,192,001FF21D,0,1,1,4294967295,0,0
WeirdYellowWallL,4576,224,003ED745,0,1,1,4294967295,0,0
WeirdYellowWallL,4576,256,00243033,0,1,1,4294967295,0,0
WeirdYellowWallL,4576,288,0038FA5F,0,1,1,4294967295,0,0
WeirdYellowWallR,4576,288,000A922A,0,1,1,4294967295,0,0
WeirdYellowWallR,4576,256,002016FB,0,1,1,4294967295,0,0
WeirdYellowWallR,4576,224,00162F57,0,1,1,4294967295,0,0
WeirdYellowWallR,4512,160,003BEF24,0,1,1,4294967295,0,0
WeirdYellowWallR,4512,128,00195053,0,1,1,4294967295,0,0
WeirdYellowWallR,4512,96,0010AA29,0,1,1,4294967295,0,0
WeirdYellowWallR,4704,320,0012D07A,0,1,1,4294967295,0,0
WeirdYellowWallR,4704,384,003439F2,0,1,1,4294967295,0,0
WeirdYellowWallR,4704,352,002231D8,0,1,1,4294967295,0,0
WeirdYellowWallR,4704,64,003185EF,0,1,1,4294967295,0,0
WeirdYellowWallR,4704,96,00273016,0,1,1,4294967295,0,0
WeirdYellowWallR,4704,128,00200A0A,0,1,1,4294967295,0,0
WeirdYellowWallR,1952,2240,003CE385,0,1,1,4294967295,0,0
WeirdYellowWallR,1952,2208,000B0CD7,0,1,1,4294967295,0,0
WeirdYellowWallR,1952,2176,000EC567,0,1,1,4294967295,0,0
WeirdYellowWallR,1952,2144,00268971,0,1,1,4294967295,0,0
WeirdYellowWallR,1952,2112,0008CD52,0,1,1,4294967295,0,0
WeirdYellowWallR,1952,2080,003D5FF5,0,1,1,4294967295,0,0
WeirdYellowWallR,1952,2048,00188CFF,0,1,1,4294967295,0,0
WeirdYellowWallR,1952,2016,00384958,0,1,1,4294967295,0,0
WeirdYellowWallL,1856,2304,002EF3C0,0,1,1,4294967295,0,0
WeirdYellowWallL,1856,2272,000A9F95,0,1,1,4294967295,0,0
WeirdYellowWallL,1856,2240,0022E1A3,0,1,1,4294967295,0,0
WeirdYellowWallL,1856,2208,002C497B,0,1,1,4294967295,0,0
WeirdYellowWallL,1856,2176,000BDFD7,0,1,1,4294967295,0,0
WeirdYellowWallL,4256,1376,000476CC,0,1,1,4294967295,0,0
WeirdYellowWallL,4256,1344,002CE97B,0,1,1,4294967295,0,0
WeirdYellowWallL,1952,2720,000036CA,0,1,1,4294967295,0,0
WeirdYellowWallL,1952,2688,000E1679,0,1,1,4294967295,0,0
WeirdYellowWallL,1952,2656,002116D9,0,1,1,4294967295,0,0
WeirdYellowWallL,1952,2624,0005D705,0,1,1,4294967295,0,0
WeirdYellowWallL,1952,2592,0032D73E,0,1,1,4294967295,0,0
WeirdYellowWallL,1952,2560,0012675C,0,1,1,4294967295,0,0
WeirdYellowWallL,1952,2528,001E54AF,0,1,1,4294967295,0,0
WeirdYellowWallL,1952,2496,00375989,0,1,1,4294967295,0,0
WeirdYellowWallL,1952,2464,003D6D3A,0,1,1,4294967295,0,0
WeirdYellowWallR,2112,2784,00283AF2,0,1,1,4294967295,0,0
WeirdYellowWallR,2112,2752,001F981A,0,1,1,4294967295,0,0
WeirdYellowWallR,2112,2720,0011AA8B,0,1,1,4294967295,0,0
WeirdYellowWallR,2112,2688,00087E44,0,1,1,4294967295,0,0
WeirdYellowWallR,2112,2656,002CE522,0,1,1,4294967295,0,0
WeirdYellowWallR,2112,2624,0003ED39,0,1,1,4294967295,0,0
WeirdYellowWallR,2112,2592,001C518A,0,1,1,4294967295,0,0
WeirdYellowWallR,2112,2560,003E6623,0,1,1,4294967295,0,0
WeirdYellowWallR,2112,2528,0002F5FB,0,1,1,4294967295,0,0
WeirdYellowWallL,4577,288,00061602,0,1,1,4294967295,0,1
OutskirtPlatform,928,1856,002CDD5C,0,1,1,4294967295,0,0
OutskirtPlatform,960,1888,003145C4,0,1,1,4294967295,0,0
OutskirtPlatform,1056,1888,003855F4,0,1,1,4294967295,0,0
movingPlatform,4128,384,0002A9F7,0,1,1,4294967295,0,1
HoverGunner,4128,224,000640E7,0,1,1,4294967295,0,0
HoverGunner,4032,320,0022E56B,0,1,1,4294967295,0,0
HoverGunner,4192,480,003AF8AE,0,1,1,4294967295,0,0
movingPlatform,928,1771,00164590,0,1,1,4294967295,0,0
movingPlatform,800,1771,00293685,0,1,1,4294967295,0,0
movingPlatform,832,1771,003CF58D,0,1,1,4294967295,0,0
movingPlatform,1056,1771,0015D031,0,1,1,4294967295,0,0
movingPlatform,1184,1771,000FFB5A,0,1,1,4294967295,0,0
HoverGunner,2080,736,000D8FF1,0,1,1,4294967295,0,0
HoverGunner,1984,1088,00250D5E,0,1,1,4294967295,0,0
HoverGunner,1824,928,0032DAD5,0,1,1,4294967295,0,0
HoverGunner,896,3296,00099CD1,0,1,1,4294967295,0,0
HoverGunner,1216,3232,00167F38,0,1,1,4294967295,0,0
HoverGunner,1056,2752,00247BB7,0,1,1,4294967295,0,0
HoverGunner,1152,2432,00367FE7,0,1,1,4294967295,0,0
movingPlatform,1696,3296,0002786C,0,1,1,4294967295,0,1
movingPlatform,1664,3296,0014D7F8,0,1,1,4294967295,0,1
HoverGunner,2336,3392,0026BEDE,0,1,1,4294967295,0,0
HoverGunner,2144,3264,001ABE77,0,1,1,4294967295,0,0
HoverGunner,8416,1600,002D6FBA,0,1,1,4294967295,0,0
movingPlatform,1920,2336,0008A244,0,1,1,4294967295,0,1
couchTrap,1792,3392,0029A89E,0,1,1,4294967295,0,0
couchTrap,4736,1728,00397BDA,0,1,1,4294967295,0,0
couchTrap,2176,2976,002F6E86,0,1,1,4294967295,0,0
couchTrap,2048,2976,00199D4C,0,1,1,4294967295,0,0
couchTrap,1792,2976,0003D513,0,1,1,4294967295,0,0
couchTrap,1664,2976,0008AD80,0,1,1,4294967295,0,0
couchTrap,1856,2784,00206875,0,1,1,4294967295,0,0
couchTrap,1632,2240,001205C6,0,1,1,4294967295,0,0
couchTrap,4704,1280,003A6008,0,1,1,4294967295,0,0
movingPlatform,4544,480,00207DD0,0,1,1,4294967295,0,1
cameraHard,128,32,002A5BDD,0,1,1,4294967295,0,0
platform,832,1184,0038B42E,0,1,1,4294967295,0,1
platform,192,992,0028AD4F,0,1,1,4294967295,0,1
platform,224,992,00262C96,0,1,1,4294967295,0,1
platform,256,992,0036F4E5,0,1,1,4294967295,0,1
platform,288,992,0031D76A,0,1,1,4294967295,0,1
platform,320,992,0018A5CD,0,1,1,4294967295,0,1
platform,352,992,0017031F,0,1,1,4294967295,0,1
platform,1632,2048,002B5F40,0,1,1,4294967295,0,1
platform,1664,2048,002608DD,0,1,1,4294967295,0,1
platform,1632,2272,002A75E9,0,1,1,4294967295,0,1
platform,1664,2272,00310D41,0,1,1,4294967295,0,1
platform,864,3616,00008031,0,1,1,4294967295,0,1
platform,4704,1312,00364B41,0,1,1,4294967295,0,1
platform,4736,1312,00073E5A,0,1,1,4294967295,0,1
platform,4768,1312,000D3BFF,0,1,1,4294967295,0,1
platform,4704,992,00170347,0,1,1,4294967295,0,1
platform,4736,992,001A085F,0,1,1,4294967295,0,1
platform,4768,992,00269625,0,1,1,4294967295,0,1
movingPlatform,4096,1760,00117540,0,1,1,4294967295,0,1
secret3,4304,545,003478A5,0,1,1,4294967295,0,0
warp,3968,608,00135C7B,0,1,1,4294967295,0,1
warp,3200,608,0038ED45,0,1,1,4294967295,0,1
FactoryCeiling,2720,608,0027E842,0,1,1,4294967295,0,0
warp,2720,544,002BDFFA,0,1,1,4294967295,0,1
Turbine,2720,1152,00314DB2,0,1,1,4294967295,0,0
OrbBirdo,736,928,0023DD11,0,1,1,4294967295,0,0
FactorySpinner1,1488,2128,00036CDE,0,1,1,4294967295,0,0
FactoryYokuController,1792,1696,003E7373,0,1,1,4294967295,0,0
FactoryYoku,1792,1696,002D80B8,0,1,1,4294967295,0,0
FactoryYoku,1920,1600,000370A5,0,1,1,4294967295,0,0
FactoryYoku,1920,1728,0002E414,0,1,1,4294967295,0,0
FactoryYoku,2016,1728,00126EF3,0,1,1,4294967295,0,0
FactoryYoku,2048,1728,00008942,0,1,1,4294967295,0,0
FactoryYoku,2080,1728,0013ACA2,0,1,1,4294967295,0,0
FactoryYoku,2016,1632,00333B83,0,1,1,4294967295,0,0
FactoryYoku,2176,1632,00169FCA,0,1,1,4294967295,0,0
FactoryYoku,2112,1728,0019DD2A,0,1,1,4294967295,0,0
FactoryYoku,2240,1728,000A0892,0,1,1,4294967295,0,0
FactoryYoku,2304,1632,0013455D,0,1,1,4294967295,0,0
FactoryYoku,2384,1632,001E9866,0,1,1,4294967295,0,0
FactoryYoku,2496,1632,0033D5E5,0,1,1,4294967295,0,0
FactoryYoku,2496,1568,003110C8,0,1,1,4294967295,0,0
FactoryYoku,2496,1504,0026F402,0,1,1,4294967295,0,0
FactoryYoku,2496,1696,0002128B,0,1,1,4294967295,0,0
FactoryYoku,2592,1696,0005AC9E,0,1,1,4294967295,0,0
FactoryYoku,2656,1632,00230E46,0,1,1,4294967295,0,0
FactoryYoku,2656,1696,002EF10E,0,1,1,4294967295,0,0
FactoryYoku,2752,1632,001EA3D4,0,1,1,4294967295,0,0
FactoryYoku,2816,1600,000C3AB8,0,1,1,4294967295,0,0
FactoryYoku,2880,1536,0011DB6A,0,1,1,4294967295,0,0
FactoryYoku,2880,1568,0027F2A5,0,1,1,4294967295,0,0
FactoryYoku,2880,1600,002A56CF,0,1,1,4294967295,0,0
FactoryYoku,2880,1632,0028DB3E,0,1,1,4294967295,0,0
FactoryYoku,2880,1664,002D7BD1,0,1,1,4294967295,0,0
FactoryYoku,2912,1696,001AD508,0,1,1,4294967295,0,0
FactoryYoku,3008,1632,00021C3F,0,1,1,4294967295,0,0
FactoryYoku,2912,1568,00119F02,0,1,1,4294967295,0,0
FactoryYoku,3008,1472,002E2BD6,0,1,1,4294967295,0,0
FactoryYoku,3104,1472,001D7A8D,0,1,1,4294967295,0,0
FactoryYoku,3104,1632,002AB5DC,0,1,1,4294967295,0,0
FactoryYoku,3008,1728,00401DF6,0,1,1,4294967295,0,0
FactoryYoku,3040,1728,00161B9E,0,1,1,4294967295,0,0
FactoryYoku,3072,1728,0023055B,0,1,1,4294967295,0,0
FactoryYoku,3104,1728,001CFB67,0,1,1,4294967295,0,0
FactoryYoku,3184,1728,0022499F,0,1,1,4294967295,0,0
FactoryYoku,3232,1728,000B77BD,0,1,1,4294967295,0,0
FactoryYoku,3264,1728,000AE732,0,1,1,4294967295,0,0
FactoryYoku,3296,1728,000ED345,0,1,1,4294967295,0,0
FactoryYoku,3328,1728,002BA242,0,1,1,4294967295,0,0
FactoryYoku,3360,1728,003ECFAF,0,1,1,4294967295,0,0
FactoryYoku,3392,1728,002E0DDD,0,1,1,4294967295,0,0
FactoryYoku,3424,1728,002D20A3,0,1,1,4294967295,0,0
FactoryYoku,3456,1728,00254C39,0,1,1,4294967295,0,0
FactoryYoku,3552,1728,0020065E,0,1,1,4294967295,0,0
FactoryYoku,3584,1728,0036B7E9,0,1,1,4294967295,0,0
FactoryYoku,3392,1472,0014C7E3,0,1,1,4294967295,0,0
FactoryYoku,3616,1728,003B4328,0,1,1,4294967295,0,0
FactoryYoku,3552,1696,003885FD,0,1,1,4294967295,0,0
FactoryYoku,3552,1664,002647A0,0,1,1,4294967295,0,0
FactoryYoku,3520,1664,002795D3,0,1,1,4294967295,0,0
FactoryYoku,3488,1664,000860E8,0,1,1,4294967295,0,0
FactoryYoku,3488,1632,00064ED4,0,1,1,4294967295,0,0
FactoryYoku,3488,1600,00345D59,0,1,1,4294967295,0,0
FactoryYoku,3520,1632,0022E7AD,0,1,1,4294967295,0,0
FactoryYoku,3552,1632,003D5C44,0,1,1,4294967295,0,0
FactoryYoku,3584,1632,00141022,0,1,1,4294967295,0,0
FactoryYoku,3616,1632,0006C75E,0,1,1,4294967295,0,0
FactoryYoku,3648,1632,0038EFC6,0,1,1,4294967295,0,0
FactoryYoku,3648,1600,000213F9,0,1,1,4294967295,0,0
FactoryYoku,3648,1696,000810B8,0,1,1,4294967295,0,0
FactoryYoku,3680,1696,00146CB9,0,1,1,4294967295,0,0
FactoryYoku,3712,1696,003298DD,0,1,1,4294967295,0,0
FactoryYoku,3744,1696,00134F67,0,1,1,4294967295,0,0
FactoryYoku,3776,1696,00051B98,0,1,1,4294967295,0,0
FactoryYoku,3808,1696,000C743D,0,1,1,4294967295,0,0
FactoryYoku,3840,1696,003911D9,0,1,1,4294967295,0,0
FactoryYoku,3872,1696,00171B25,0,1,1,4294967295,0,0
FactoryYoku,3872,1664,003AB643,0,1,1,4294967295,0,0
FactoryYoku,3872,1632,00374D43,0,1,1,4294967295,0,0
FactoryYoku,3840,1632,002E8E4B,0,1,1,4294967295,0,0
FactoryYoku,3808,1632,0009C70B,0,1,1,4294967295,0,0
FactoryYoku,3776,1632,00194060,0,1,1,4294967295,0,0
FactoryYoku,3744,1632,000A281A,0,1,1,4294967295,0,0
FactoryYoku,3712,1632,001402DD,0,1,1,4294967295,0,0
FactoryYoku,3712,1600,0024409E,0,1,1,4294967295,0,0
FactoryYoku,3712,1568,00305C40,0,1,1,4294967295,0,0
FactoryYoku,3712,1536,0002A78F,0,1,1,4294967295,0,0
FactoryYoku,3712,1504,00053BFC,0,1,1,4294967295,0,0
FactoryYoku,3712,1472,0033DE75,0,1,1,4294967295,0,0
FactoryYoku,3712,1440,0003260F,0,1,1,4294967295,0,0
FactoryYoku,3712,1408,00225EA2,0,1,1,4294967295,0,0
FactoryYoku,3744,1472,0026B491,0,1,1,4294967295,0,0
FactoryYoku,3776,1472,002C9A4E,0,1,1,4294967295,0,0
FactoryYoku,3808,1472,003E9E81,0,1,1,4294967295,0,0
FactoryYoku,3840,1472,003EE8DB,0,1,1,4294967295,0,0
FactoryYoku,3872,1472,002FCDAB,0,1,1,4294967295,0,0
FactoryYoku,3520,1472,000A9610,0,1,1,4294967295,0,0
FactoryYoku,3552,1472,003B25B7,0,1,1,4294967295,0,0
FactoryYoku,3520,1440,00235E99,0,1,1,4294967295,0,0
FactoryYoku,3520,1408,000E0F8C,0,1,1,4294967295,0,0
FactoryYoku,3552,1408,002B362A,0,1,1,4294967295,0,0
FactoryYoku,3584,1408,00166629,0,1,1,4294967295,0,0
FactoryYoku,3584,1440,0012C589,0,1,1,4294967295,0,0
FactoryYoku,3584,1472,002AD25A,0,1,1,4294967295,0,0
FactoryYoku,3584,1504,001289B8,0,1,1,4294967295,0,0
FactoryYoku,3552,1536,0030A5EA,0,1,1,4294967295,0,0
FactoryYoku,3520,1504,0008AA34,0,1,1,4294967295,0,0
FactoryYoku,3488,1504,002D063E,0,1,1,4294967295,0,0
FactoryYoku,3488,1472,002912B0,0,1,1,4294967295,0,0
FactoryYoku,3488,1440,0032E2F3,0,1,1,4294967295,0,0
FactoryYoku,3488,1408,00299C6F,0,1,1,4294967295,0,0
FactoryYoku,3488,1376,00267E63,0,1,1,4294967295,0,0
FactoryYoku,3520,1376,0001BFE5,0,1,1,4294967295,0,0
FactoryYoku,3552,1376,001378D6,0,1,1,4294967295,0,0
FactoryYoku,3584,1376,00200869,0,1,1,4294967295,0,0
FactoryYoku,3616,1376,00233E4A,0,1,1,4294967295,0,0
FactoryYoku,3616,1408,0016D439,0,1,1,4294967295,0,0
FactoryYoku,3616,1440,0018F6E7,0,1,1,4294967295,0,0
FactoryYoku,3616,1472,003791AC,0,1,1,4294967295,0,0
FactoryYoku,3616,1504,0028133A,0,1,1,4294967295,0,0
FactoryYoku,3616,1536,002D2141,0,1,1,4294967295,0,0
FactoryYoku,3584,1536,002E83DA,0,1,1,4294967295,0,0
FactoryYoku,3552,1504,0011501F,0,1,1,4294967295,0,0
FactoryYoku,3520,1536,003B08AB,0,1,1,4294967295,0,0
FactoryYoku,3488,1536,002B0E18,0,1,1,4294967295,0,0
FactoryYoku,3456,1536,002EA423,0,1,1,4294967295,0,0
FactoryYoku,3424,1536,0025BD6C,0,1,1,4294967295,0,0
FactoryYoku,3392,1536,0020587E,0,1,1,4294967295,0,0
FactoryYoku,3360,1536,0036E025,0,1,1,4294967295,0,0
PlatformReset,896,1760,001635D7,0,1,1,4294967295,0,0
PaintingTrap,2144,2464,000C992F,0,1,1,4294967295,0,0
PaintingTrap,2080,1856,000837D2,0,1,1,4294967295,0,0
RyuButton,2464,736,000329D5,0,1,1,4294967295,0,0
SniperJohn,1512,2910,0022A55A,0,1,1,4294967295,0,0
FallingSpike10frame,1120,3360,00211C93,0,1,1,4294967295,0,0
RyuWind,2734,608,00364F47,0,1,1,4294967295,0,0
Ryu,2720,1248,000369CC,0,1,1,4294967295,0,0
SpinningBirdoFloor,560,1008,002D991A,0,1,1,4294967295,0,0
SpinningBirdoFloor,592,1008,001A5840,0,1,1,4294967295,0,0
SpinningBirdoFloor,624,1008,003E8C50,0,1,1,4294967295,0,0
SpinningBirdoFloor,656,1008,000AD800,0,1,1,4294967295,0,0
SpinningBirdoFloor,688,1008,002B315C,0,1,1,4294967295,0,0
SpinningBirdoFloor,720,1008,000CD2AA,0,1,1,4294967295,0,0
blockNise,3872,1440,0004B944,0,1,1,4294967295,0,0
blockNise,1792,1728,0031CC8E,0,1,1,4294967295,0,0
Bosnwentr,3744,832,003C1F68,0,1,1,4294967295,0,0
NatsCat,3328,928,0010324E,0,1,1,4294967295,0,0
NatsCat,3488,832,00375152,0,1,1,4294967295,0,0
NatsCat,3328,704,002470FE,0,1,1,4294967295,0,0
NatsCat,3520,672,00164FC5,0,1,1,4294967295,0,0
NatsCat,3520,992,0019B2DB,0,1,1,4294967295,0,0
NatsCat,3808,1024,000E1797,0,1,1,4294967295,0,0
NatsCat,3872,672,001555CB,0,1,1,4294967295,0,0
blockFake,4000,416,0019C1F5,0,1,1,4294967295,0,0
secret1,3488,1072,002A87E5,0,1,1,4294967295,0,0
secret2,3520,1072,00303DC3,0,1,1,4294967295,0,0
secret3,3552,1072,0017501C,0,1,1,4294967295,0,0
secret4,3584,1072,003039EF,0,1,1,4294967295,0,0
secret5,3616,1072,00004328,0,1,1,4294967295,0,0
secret6,3648,1072,00214005,0,1,1,4294967295,0,0
JumpRefresher,672,960,FCA25C79,0,1,1,4294967295,0,0
JumpRefresher,1024,3232,E7931D88,0,1,1,4294967295,0,0
JumpRefresher,1872,3136,5749E109,0,1,1,4294967295,0,0
CampingNoobs,1376,2944,001E5846,0,1,1,4294967295,0,1
playerStart,32,960,00383EA1,0,1,1,4294967295,0,0
blockKill,0,1808,002EF011,0,1,1,4294967295,0,1
blockKill,4096,1808,000832E7,0,1,1,4294967295,0,1
blockKill,864,3648,003AA40D,0,9,1,4294967295,0,0
blockKill,768,3456,0010C728,0,1,2,4294967295,0,0
trigger,1184,2144,0004E60C,0,1,1,4294967295,0,1
trigger,1476,2336,0034BCCE,0,1,1,4294967295,0,1
trigger,1392,2104,000868BB,0,1,1,4294967295,0,1
trigger,2496,1488,00366292,0,1,1,4294967295,0,1
trigger,2880,1408,0024E697,0,1,1,4294967295,0,1
trigger,3232,1555,0039C8EB,0,1,1,4294967295,0,1
trigger,3904,1472,00353A51,0,1,1,4294967295,0,1
trigger,1792,1088,00299E34,0,1,1,4294967295,0,1
trigger,1252,2880,00078274,0,1,1,4294967295,0,1
trigger,1120,3200,0005E6C0,0,1,1,4294967295,0,1
trigger,928,3200,000BFD36,0,1,1,4294967295,0,1
