saveHard,2304,96,0011908E,0,1,1,4294967295,0,0
saveMedium,960,448,003D0863,0,1,1,4294967295,0,0
saveVeryHard,32,224,0021120F,0,1,1,4294967295,0,0
Grabby,1536,163,00137795,0,1,1,4294967295,0,0
CatThing,2195,160,00223D93,0,1,1,4294967295,0,0
block,64,224,002EB151,0,1,1,4294967295,0,0
block,160,64,001A5454,0,1,1,4294967295,0,0
block,608,64,003F5DAB,0,2,1,4294967295,0,0
block,640,96,00219CC1,0,2,1,4294967295,0,0
block,672,128,00322FC3,0,1,2,4294967295,0,0
block,672,192,00027CDF,0,4,1,4294967295,0,0
block,2272,32,000E68CD,0,2,1,4294967295,0,0
block,2304,64,003D30D3,0,2,1,4294967295,0,0
block,2336,96,001EEC2A,0,3,1,4294967295,0,0
block,2240,224,00355F39,0,6,1,4294967295,0,0
block,2272,256,001ACE2C,0,2,1,4294967295,0,0
block,2304,288,001E1DF8,0,1,10,4294967295,0,0
block,2048,512,00112743,0,1,4,4294967295,0,0
block,1760,544,0010D375,0,1,1,4294967295,0,0
block,1728,416,0004F03E,0,10,1,4294967295,0,0
block,2016,192,00341BF7,0,1,7,4294967295,0,0
block,1408,224,001CD006,0,11,1,4294967295,0,0
block,1632,288,002C8A77,0,1,1,4294967295,0,0
block,1600,384,000579E8,0,1,8,4294967295,0,0
block,1376,448,0012C250,0,1,1,4294967295,0,0
block,1408,352,00208455,0,7,1,4294967295,0,0
block,1504,256,00066273,0,1,3,4294967295,0,0
block,1056,352,00132EB8,0,10,1,4294967295,0,0
block,1024,320,00093821,0,2,1,4294967295,0,0
block,1024,288,0030544E,0,1,1,4294967295,0,0
block,992,416,003F2261,0,1,4,4294967295,0,0
block,992,576,000A9CC7,0,1,1,4294967295,0,0
block,704,480,0011029C,0,1,1,4294967295,0,0
block,64,352,00132781,0,1,5,4294967295,0,0
block,-32,224,00336AE1,0,1,3,4294967295,0,0
block,2176,256,00075D1E,0,1,5,4294967295,0,0
block,-32,320,001E4E6B,0,5,1,4294967295,0,0
block,-32,192,0003392C,0,4,1,4294967295,0,0
block,64,160,0016BFC6,0,2,1,4294967295,0,0
block,96,128,0017ED63,0,2,1,4294967295,0,0
block,128,96,001CDD45,0,2,1,4294967295,0,0
block,160,32,001CB55F,0,15,1,4294967295,0,0
block,768,160,000F0B15,0,2,1,4294967295,0,0
block,800,128,00080516,0,4,1,4294967295,0,0
block,896,96,00237D75,0,22,1,4294967295,0,0
block,1568,64,0014741E,0,2,1,4294967295,0,0
block,1600,32,00168152,0,2,1,4294967295,0,0
block,1632,0,0002B2A5,0,21,1,4294967295,0,0
block,1600,320,001E0BA9,0,2,1,4294967295,0,0
block,1632,256,001D942A,0,2,1,4294967295,0,0
block,736,544,0021613C,0,9,1,4294967295,0,0
block,64,512,002927A4,0,22,1,4294967295,0,0
WalljumpL,2176,384,003A8AA0,0,1,1,4294967295,0,0
WalljumpL,2176,352,002940D3,0,1,1,4294967295,0,0
WalljumpL,2176,320,003B4EF2,0,1,1,4294967295,0,0
WalljumpL,2176,288,001C2721,0,1,1,4294967295,0,0
WalljumpL,2176,256,002F13CF,0,1,1,4294967295,0,0
WalljumpR,2304,288,00374B8D,0,1,1,4294967295,0,0
WalljumpR,2304,320,0017403E,0,1,1,4294967295,0,0
WalljumpR,2304,352,00164AFD,0,1,1,4294967295,0,0
WalljumpR,2304,384,002FAEC1,0,1,1,4294967295,0,0
WalljumpR,2304,416,002E5467,0,1,1,4294967295,0,0
WalljumpR,2304,448,000ACE0A,0,1,1,4294967295,0,0
WalljumpR,2304,480,0005255F,0,1,1,4294967295,0,0
WalljumpR,2304,512,00353802,0,1,1,4294967295,0,0
WalljumpR,2304,544,0034785E,0,1,1,4294967295,0,0
WalljumpR,2304,576,00334168,0,1,1,4294967295,0,0
yellowallL,1600,576,0007BEE6,0,1,1,4294967295,0,0
yellowallL,1600,544,000B7F6A,0,1,1,4294967295,0,0
yellowallL,1600,512,002D864C,0,1,1,4294967295,0,0
yellowallL,1600,480,003A8DD7,0,1,1,4294967295,0,0
yellowallL,1600,448,00332C68,0,1,1,4294967295,0,0
yellowallL,1600,416,0012AED9,0,1,1,4294967295,0,0
yellowallL,1600,384,003A57EE,0,1,1,4294967295,0,0
yellowallL,1600,352,003E49DD,0,1,1,4294967295,0,0
yellowallL,2048,512,002BEF7E,0,1,1,4294967295,0,0
yellowallL,2048,544,000B1172,0,1,1,4294967295,0,0
yellowallL,2048,576,0035DAD8,0,1,1,4294967295,0,0
cameraHard,64,32,002F02D7,0,1,1,4294967295,0,0
FireChalice,128,256,002333F1,0,1,1,4294967295,0,0
FireChalice,352,256,000ED929,0,1,1,4294967295,0,0
FireChalice,576,256,000CDD5C,0,1,1,4294967295,0,0
Fire,96,480,0031C0B9,0,1,1,4294967295,0,0
Fire,128,480,00176D4B,0,1,1,4294967295,0,0
Fire,160,480,0024E3F6,0,1,1,4294967295,0,0
Fire,288,480,001AB0DD,0,1,1,4294967295,0,0
Fire,416,480,00189602,0,1,1,4294967295,0,0
Fire,480,480,000E5A87,0,1,1,4294967295,0,0
Fire,512,480,002D7554,0,1,1,4294967295,0,0
Fire,672,480,0003EDC6,0,1,1,4294967295,0,0
Fire,736,480,001BA511,0,1,1,4294967295,0,0
FireShort,704,480,000A0CD6,0,1,1,4294967295,0,0
FireShort,640,480,0037F4E0,0,1,1,4294967295,0,0
FireShort,544,480,001EE081,0,1,1,4294967295,0,0
FireShort,384,480,00067C43,0,1,1,4294967295,0,0
FireShort,320,480,000C4E6B,0,1,1,4294967295,0,0
FireShort,256,480,001F6E62,0,1,1,4294967295,0,0
FireShort,192,480,003EDC34,0,1,1,4294967295,0,0
FireOnce,224,480,00247484,0,1,1,4294967295,0,0
FireOnce,192,480,000B48CE,0,1,1,4294967295,0,0
FireOnce,256,480,001EB605,0,1,1,4294967295,0,0
FireOnce,320,480,00121E7E,0,1,1,4294967295,0,0
FireOnce,384,480,003EF8EF,0,1,1,4294967295,0,0
FireOnce,544,480,000AA3E8,0,1,1,4294967295,0,0
FireOnce,640,480,0018AA6B,0,1,1,4294967295,0,0
FireOnce,704,480,000C1FBF,0,1,1,4294967295,0,0
FireSometimes,704,448,001886EF,0,1,1,4294967295,0,0
FireSometimes,352,480,001BD958,0,1,1,4294967295,0,0
FallingFort,1376,224,00267250,0,1,1,4294967295,0,0
FallingFort,1344,224,002447CD,0,1,1,4294967295,0,0
FallingFort,1312,224,0019F68A,0,1,1,4294967295,0,0
FallingFort,1280,224,001889C6,0,1,1,4294967295,0,0
FallingFort,1248,224,00080B91,0,1,1,4294967295,0,0
FallingFort,1216,224,000810DC,0,1,1,4294967295,0,0
FallingFort,1184,224,0036D504,0,1,1,4294967295,0,0
FallingFort,1152,224,003B1A14,0,1,1,4294967295,0,0
FallingFort,1120,224,00292D1D,0,1,1,4294967295,0,0
FirePermanent,1024,576,002AF1BA,0,1,1,4294967295,0,0
FirePermanent,1056,576,002347FC,0,1,1,4294967295,0,0
FirePermanent,1088,576,0005BD0A,0,1,1,4294967295,0,0
FirePermanent,1120,576,0034FFB5,0,1,1,4294967295,0,0
FirePermanent,1152,576,002B1E32,0,1,1,4294967295,0,0
FirePermanent,1184,576,000185E0,0,1,1,4294967295,0,0
FirePermanent,1216,576,00403EDC,0,1,1,4294967295,0,0
FirePermanent,1248,576,000D1052,0,1,1,4294967295,0,0
FirePermanent,1280,576,001C52F1,0,1,1,4294967295,0,0
FirePermanent,1312,576,003C733F,0,1,1,4294967295,0,0
FirePermanent,1344,576,0016B1E4,0,1,1,4294967295,0,0
FirePermanent,1376,576,003F42B2,0,1,1,4294967295,0,0
FirePermanent,1408,576,000E7931,0,1,1,4294967295,0,0
FirePermanent,1440,576,0015DD61,0,1,1,4294967295,0,0
FirePermanent,1472,576,0007E692,0,1,1,4294967295,0,0
FirePermanent,1504,576,0027BB25,0,1,1,4294967295,0,0
FirePermanent,1536,576,003DD777,0,1,1,4294967295,0,0
FirePermanent,1568,576,000505BC,0,1,1,4294967295,0,0
FireShortPermanent,1024,256,000ADD30,0,1,1,4294967295,0,0
FireShortPermanent,1056,288,0004BEBE,0,1,1,4294967295,0,0
FireShortPermanent,1088,320,0025D3FA,0,1,1,4294967295,0,0
FireShortPermanent,1120,320,0003B3E9,0,1,1,4294967295,0,0
FireShortPermanent,1152,320,003653BE,0,1,1,4294967295,0,0
FireShortPermanent,1184,320,0003C35C,0,1,1,4294967295,0,0
FireShortPermanent,1216,320,000540B6,0,1,1,4294967295,0,0
FireShortPermanent,1248,320,0007C42E,0,1,1,4294967295,0,0
FireShortPermanent,1280,320,003951E2,0,1,1,4294967295,0,0
FireShortPermanent,1312,320,002B05B6,0,1,1,4294967295,0,0
FireShortPermanent,1344,320,0029FD3E,0,1,1,4294967295,0,0
LongForm,1024,456,002D6DAB,0,1,1,4294967295,0,0
movingPlatform,1312,285,000A5F50,0,1,1,4294967295,0,1
FireSometimesUpside,1344,384,000D7375,0,1,1,4294967295,0,0
FireSometimesUpside,1236,384,00315C11,0,1,1,4294967295,0,0
FireSometimesUpside,1132,384,0028CA71,0,1,1,4294967295,0,0
FirePermanent,1632,608,003EA7F6,0,1,1,4294967295,0,0
FirePermanent,1664,608,0009DE37,0,1,1,4294967295,0,0
FirePermanent,1696,576,003A8347,0,1,1,4294967295,0,0
FirePermanent,1728,576,00280ACB,0,1,1,4294967295,0,0
FirePermanent,1760,574,0009D3D4,0,1,1,4294967295,0,0
FirePermanent,1792,576,00200D2B,0,1,1,4294967295,0,0
FirePermanent,1824,576,001159F1,0,1,1,4294967295,0,0
FirePermanent,1856,576,0019ED50,0,1,1,4294967295,0,0
FirePermanent,1888,576,00017EF7,0,1,1,4294967295,0,0
FirePermanent,1920,576,003F0360,0,1,1,4294967295,0,0
FirePermanent,1952,576,003153B8,0,1,1,4294967295,0,0
FirePermanent,1984,576,00229839,0,1,1,4294967295,0,0
FirePermanent,2016,576,003CD4B7,0,1,1,4294967295,0,0
FireSometimesPermanent,2044,480,003971DC,0,1,1,4294967295,0,0
FirePermanent,2016,160,0005F8D2,0,1,1,4294967295,0,0
FirePermanent,2080,608,0013687A,0,1,1,4294967295,0,0
FirePermanent,2112,608,000A3FDD,0,1,1,4294967295,0,0
FirePermanent,2144,576,00202B81,0,1,1,4294967295,0,0
FirePermanent,2176,576,002BB44C,0,1,1,4294967295,0,0
FirePermanent,2208,576,000F1FDD,0,1,1,4294967295,0,0
FirePermanent,2240,576,003F51B8,0,1,1,4294967295,0,0
FirePermanent,2272,576,00108CBD,0,1,1,4294967295,0,0
warp,2400,128,00326F91,0,1,1,4294967295,0,1
LongForm,1888,533,000EE2D2,0,1,1,4294967295,0,0
FirePermanent,1760,384,002CFF86,0,1,1,4294967295,0,0
FirePermanent,1792,384,00168924,0,1,1,4294967295,0,0
FirePermanent,1824,384,00060F6E,0,1,1,4294967295,0,0
FirePermanent,1856,384,001103A2,0,1,1,4294967295,0,0
FirePermanent,1888,384,002767D9,0,1,1,4294967295,0,0
FirePermanent,1920,384,00114BE6,0,1,1,4294967295,0,0
FirePermanent,1952,384,0022690A,0,1,1,4294967295,0,0
FirePermanent,1984,384,000795FD,0,1,1,4294967295,0,0
FireShortPermanent,1728,384,00096D60,0,1,1,4294967295,0,0
FirePermanent,2304,576,0019F96D,0,1,1,4294967295,0,0
FirePermanent,2336,576,000D19C1,0,1,1,4294967295,0,0
blockNise,736,448,002E85FE,0,1,1,4294967295,0,0
SoftlockBlocker,2016,128,003E7240,0,1,2,4294967295,0,0
SoftlockBlocker,1856,192,001F67DD,0,5,1,4294967295,0,0
SoftlockBlocker,1824,224,0012509F,0,6,1,4294967295,0,0
SoftlockBlocker,1728,352,001EC9B8,0,9,2,4294967295,0,0
SoftlockBlocker,1984,176,001668D7,0,1,1,4294967295,0,0
SoftlockBlocker,1856,176,0035BBF3,0,1,1,4294967295,0,0
SoftlockBlocker,1888,176,0009DD24,0,1,1,4294967295,0,0
SoftlockBlocker,1920,176,0014DE2E,0,1,1,4294967295,0,0
SoftlockBlocker,1952,176,000FA729,0,1,1,4294967295,0,0
SoftlockBlocker,1760,320,00081F88,0,8,1,4294967295,0,0
SoftlockBlocker,1792,256,00069796,0,7,2,4294967295,0,0
SoftlockBlocker,1824,208,0029208F,0,1,1,4294967295,0,0
JumpRefresher,736,416,000146A2,0,1,1,4294967295,0,0
playerStart,32,288,0003C094,0,1,1,4294967295,0,0
FireGlow,0,320,002DC9F1,0,1,1,4294967295,0,1
FireGlow,800,320,002AC4B0,0,1,1,4294967295,0,0
FireGlow,1600,320,001FA362,0,1,1,4294967295,0,0
blockKill,992,608,001AA003,0,19,1,4294967295,0,0
blockKill,1600,640,003A3FE1,0,4,1,4294967295,0,0
blockKill,1696,608,00239153,0,11,1,4294967295,0,0
blockKill,2048,640,0027D0BB,0,4,1,4294967295,0,0
blockKill,2144,608,002BDB44,0,6,1,4294967295,0,0
trigger,96,320,00224763,0,1,1,4294967295,0,1
trigger,1088,128,00327505,0,1,1,4294967295,0,1
trigger,1530,128,00219E27,0,1,1,4294967295,0,1
trigger,96,448,0011858D,0,1,1,4294967295,0,1
trigger,2208,256,00383861,0,1,1,4294967295,0,1
