MoonSmall,640,-128,0022792B,0,1,1,4294967295,0,1
decoKumo3,0,544,00044170,0,1,1,4294967295,0,0
MechaBirdo,704,480,0038DC67,0,1,1,4294967295,0,0
block,-32,-128,00070FBE,0,1,24,4294967295,0,0
block,800,-128,00232E83,0,1,24,4294967295,0,0
playerStart,672,0,00396C75,0,1,1,4294967295,0,0
MechaWarning,400,304,00073879,0,1,1,4294967295,0,0
decoKumoLayer,0,-16,003FA2D6,0,1,1,4294967295,0,0
decoKumoLayer,0,564,000EEEDF,0,1,1,4294967295,0,0
blockKill,0,608,002AEB7B,0,25,1,4294967295,0,0
blockKill,0,-128,00161EAB,0,25,1,4294967295,0,0
